1394521267, 72.00
1394521340, 72.00
1394521486, 72.00
1394521559, 72.00
1394521632, 72.00
1394521706, 72.00
1394521779, 72.00
1394521852, 72.00
1394521925, 72.00
1394521998, 72.00
1394522144, 72.00
1394522217, 72.00
1394522291, 72.00
1394522364, 72.00
1394522437, 72.00
1394522583, 72.00
1394522656, 72.00
1394522729, 72.00
1394522802, 72.00
1394522876, 72.00
1394522949, 72.00
1394523022, 72.00
1394523096, 72.00
1394523169, 72.00
1394523242, 72.00
1394523315, 72.00
1394523388, 72.00
1394523461, 72.00
1394523534, 72.00
1394523607, 72.00
1394523680, 72.00
1394523753, 72.00
1394523826, 72.00
1394523899, 72.00
1394523972, 72.00
1394524045, 72.00
1394524118, 72.00
1394524191, 72.00
1394524264, 72.00
1394524337, 72.00
1394524410, 72.00
1394524484, 72.00
1394524557, 72.00
1394524630, 72.00
1394524703, 72.00
1394524776, 72.00
1394524849, 72.00
1394524922, 72.00
1394524995, 72.00
1394525068, 72.00
1394525142, 72.00
1394525215, 72.00
1394525288, 72.00
1394525361, 72.00
1394525434, 72.00
1394525507, 72.00
1394525580, 72.00
1394525653, 72.00
1394525726, 72.00
1394525799, 72.00
1394526018, 72.00
1394526091, 72.00
1394526164, 72.00
1394526237, 72.00
1394526310, 72.00
1394526384, 72.00
1394526457, 72.00
1394526530, 72.00
1394526603, 72.00
1394526676, 72.00
1394526749, 72.00
1394526822, 72.00
1394526895, 72.00
1394526968, 72.00
1394527041, 72.00
1394527114, 72.00
1394527187, 72.00
1394527260, 72.00
1394527333, 72.00
1394527407, 72.00
1394527480, 72.00
1394527553, 72.00
1394527626, 72.00
1394527699, 72.00
1394527773, 72.00
1394527846, 72.00
1394527919, 72.00
1394527992, 72.00
1394528065, 72.00
1394528138, 72.00
1394528211, 72.00
1394528284, 72.00
1394528357, 72.00
1394528430, 72.00
1394528503, 72.00
1394528576, 72.00
1394528649, 72.00
1394528722, 72.00
1394528795, 72.00
1394528868, 72.00
1394528941, 72.00
1394529014, 72.00
1394529087, 72.00
1394529160, 72.00
1394529233, 72.00
1394529306, 72.00
1394529380, 72.00
1394529453, 72.00
1394529526, 72.00
1394529599, 72.00
1394529672, 72.00
1394529745, 72.00
1394529891, 72.00
1394529964, 72.00
1394530037, 72.00
1394530110, 72.00
1394530183, 72.00
1394530256, 72.00
1394530329, 72.00
1394530403, 72.00
1394530476, 72.00
1394530549, 72.00
1394530622, 72.00
1394530695, 72.00
1394530768, 72.00
1394530841, 72.00
1394530914, 72.00
1394530988, 72.00
1394531061, 72.00
1394531134, 72.00
1394531280, 72.00
1394531353, 72.00
1394531426, 72.00
1394531499, 72.00
1394531572, 72.00
1394531645, 72.00
1394531718, 72.00
1394531791, 72.00
1394531864, 72.00
1394531938, 72.00
1394532011, 72.00
1394532084, 72.00
1394532157, 72.00
1394532230, 72.00
1394532304, 72.00
1394532377, 72.00
1394532450, 72.00
1394532523, 72.00
1394532596, 72.00
1394532669, 72.00
1394532742, 72.00
1394532815, 72.00
1394532888, 72.00
1394532961, 72.00
1394533034, 72.00
1394533108, 72.00
1394533181, 72.00
1394533254, 72.00
1394533327, 72.00
1394533400, 72.00
1394533473, 72.00
1394533546, 72.00
1394533619, 72.00
1394533692, 72.00
1394533766, 72.00
1394533839, 72.00
1394533912, 72.00
1394533985, 72.00
1394534059, 72.00
1394534132, 72.00
1394534278, 72.00
1394534351, 72.00
1394534424, 72.00
1394534497, 72.00
1394534570, 72.00
1394534643, 72.00
1394534716, 72.00
1394534789, 72.00
1394534862, 72.00
1394534936, 72.00
1394535009, 72.00
1394535082, 72.00
1394535155, 72.00
1394535228, 72.00
1394535301, 72.00
1394535374, 72.00
1394535447, 72.00
1394535520, 72.00
1394535593, 72.00
1394535667, 72.00
1394535740, 72.00
1394535813, 72.00
1394535886, 72.00
1394535959, 72.00
1394536178, 72.00
1394536251, 72.00
1394536324, 72.00
1394536397, 72.00
1394536470, 72.00
1394536543, 72.00
1394536616, 72.00
1394536689, 72.00
1394536762, 72.00
1394536836, 72.00
1394536909, 72.00
1394536982, 72.00
1394537055, 72.00
1394537128, 72.00
1394537274, 72.00
1394537347, 72.00
1394537420, 72.00
1394537493, 72.00
1394537566, 72.00
1394537639, 72.00
1394537712, 72.00
1394537785, 72.00
1394537858, 72.00
1394537931, 72.00
1394538004, 72.00
1394538077, 72.00
1394538151, 72.00
1394538224, 72.00
1394538297, 72.00
1394538370, 72.00
1394538444, 72.00
1394538518, 72.00
1394538591, 72.00
1394538665, 72.00
1394538738, 72.00
1394538884, 72.00
1394538957, 72.00
1394539030, 72.00
1394539103, 72.00
1394539177, 72.00
1394539250, 72.00
1394539323, 72.00
1394539396, 72.00
1394539469, 72.00
1394539542, 72.00
1394539615, 72.00
1394539689, 72.00
1394539762, 72.00
1394539835, 72.00
1394539981, 72.00
1394540054, 72.00
1394540127, 72.00
1394540200, 72.00
1394540347, 72.00
1394540420, 72.00
1394540493, 72.00
1394540566, 72.00
1394540640, 72.00
1394540713, 72.00
1394540786, 72.00
1394540859, 72.00
1394540933, 72.00
1394541006, 72.00
1394541079, 72.00
1394541152, 72.00
1394541226, 72.00
1394541299, 72.00
1394541372, 72.00
1394541446, 72.00
1394541519, 72.00
1394541592, 72.00
1394541666, 72.00
1394541739, 72.00
1394541812, 72.00
1394541886, 72.00
1394541959, 72.00
1394542032, 72.00
1394542105, 72.00
1394542179, 72.00
1394542252, 72.00
1394542325, 72.00
1394542398, 72.00
1394542472, 72.00
1394542545, 72.00
1394542618, 72.00
1394542764, 72.00
1394542837, 72.00
1394542910, 72.00
1394542984, 72.00
1394543057, 72.00
1394543130, 72.00
1394543203, 72.00
1394543277, 72.00
1394543350, 72.00
1394543423, 72.00
1394543496, 72.00
1394543570, 72.00
1394543643, 72.00
1394543716, 72.00
1394543790, 72.00
1394543863, 72.00
1394543936, 72.00
1394544009, 72.00
1394544083, 72.00
1394544156, 72.00
1394544229, 72.00
1394544375, 72.00
1394544449, 72.00
1394544522, 72.00
1394544595, 72.00
1394544668, 72.00
1394544741, 72.00
1394544814, 72.00
1394544887, 72.00
1394544962, 72.00
1394545110, 72.00
1394545183, 72.00
1394545256, 72.00
1394545329, 72.00
1394545402, 72.00
1394545475, 72.00
1394545549, 72.00
1394545622, 72.00
1394545695, 72.00
1394545769, 72.00
1394545842, 72.00
1394545916, 72.00
1394545989, 72.00
1394546062, 72.00
1394546136, 72.00
1394546209, 72.00
1394546283, 72.00
1394546357, 72.00
1394546430, 72.00
1394546503, 72.00
1394546577, 72.00
1394546650, 72.00
1394546723, 72.00
1394546796, 72.00
1394546869, 72.00
1394546942, 72.00
1394547015, 72.00
1394547088, 72.00
1394547161, 72.00
1394547235, 72.00
1394547308, 72.00
1394547381, 72.00
1394547454, 72.00
1394547527, 72.00
1394547601, 72.00
1394547674, 72.00
1394547747, 72.00
1394547820, 72.00
1394547894, 72.00
1394547968, 72.00
1394548041, 72.00
1394548114, 72.00
1394548187, 72.00
1394548260, 72.00
1394548333, 72.00
1394548407, 72.00
1394548480, 72.00
1394548553, 72.00
1394548626, 72.00
1394548699, 72.00
1394548772, 72.00
1394548845, 72.00
1394548918, 72.00
1394548992, 72.00
1394549065, 72.00
1394549138, 72.00
1394549211, 72.00
1394549284, 72.00
1394549357, 72.00
1394549430, 72.00
1394549503, 72.00
1394549576, 72.00
1394549649, 72.00
1394549795, 72.00
1394549868, 72.00
1394549941, 72.00
1394550014, 72.00
1394550087, 72.00
1394550160, 72.00
1394550234, 72.00
1394550307, 72.00
1394550381, 72.00
1394550454, 72.00
1394550527, 72.00
1394550600, 72.00
1394550674, 72.00
1394550747, 72.00
1394550820, 72.00
1394550893, 72.00
1394550966, 72.00
1394551040, 72.00
1394551114, 72.00
1394551187, 72.00
1394551261, 72.00
1394551334, 72.00
1394551407, 72.00
1394551480, 72.00
1394551553, 72.00
1394551626, 72.00
1394551700, 72.00
1394551773, 72.00
1394551846, 72.00
1394551992, 72.00
1394552065, 72.00
1394552139, 72.00
1394552212, 72.00
1394552285, 72.00
1394552358, 72.00
1394552432, 72.00
1394552505, 72.00
1394552579, 72.00
1394552652, 72.00
1394552725, 72.00
1394552799, 72.00
1394552872, 72.00
1394552945, 72.00
1394553018, 72.00
1394553091, 72.00
1394553164, 72.00
1394553238, 72.00
1394553311, 72.00
1394553385, 72.00
1394553458, 72.00
1394553531, 72.00
1394553605, 72.00
1394553679, 72.00
1394553753, 72.00
1394553826, 72.00
1394553900, 72.00
1394553973, 72.00
1394554046, 72.00
1394554119, 72.00
1394554192, 72.00
1394554266, 72.00
1394554340, 72.00
1394554414, 72.00
1394554487, 72.00
1394554633, 72.00
1394554707, 72.00
1394554780, 72.00
1394554853, 72.00
1394554926, 72.00
1394554999, 72.00
1394555072, 72.00
1394555146, 72.00
1394555219, 72.00
1394555293, 72.00
1394555439, 72.00
1394555512, 72.00
1394555585, 72.00
1394555732, 72.00
1394555805, 72.00
1394555878, 72.00
1394555952, 72.00
1394556025, 72.00
1394556099, 72.00
1394556172, 72.00
1394556245, 72.00
1394556318, 72.00
1394556391, 72.00
1394556464, 72.00
1394556537, 72.00
1394556611, 72.00
1394556684, 72.00
1394556757, 72.00
1394556830, 72.00
1394556903, 72.00
1394556977, 72.00
1394557050, 72.00
1394557124, 72.00
1394557197, 72.00
1394557270, 72.00
1394557343, 72.00
1394557416, 72.00
1394557489, 72.00
1394557562, 72.00
1394557635, 72.00
1394557708, 72.00
1394557782, 72.00
1394557855, 72.00
1394557928, 72.00
1394558001, 72.00
1394558074, 72.00
1394558148, 72.00
1394558221, 72.00
1394558294, 72.00
1394558367, 72.00
1394558440, 72.00
1394558513, 72.00
1394558587, 72.00
1394558660, 72.00
1394558733, 72.00
1394558806, 72.00
1394558880, 72.00
1394558953, 72.00
1394559026, 72.00
1394559099, 72.00
1394559172, 72.00
1394559245, 72.00
1394559319, 72.00
1394559392, 72.00
1394559465, 72.00
1394559538, 72.00
1394559612, 72.00
1394559685, 72.00
1394559759, 72.00
1394559832, 72.00
1394559905, 72.00
1394559978, 72.00
1394560051, 72.00
1394560124, 72.00
1394560197, 72.00
1394560270, 72.00
1394560343, 72.00
1394560417, 72.00
1394560490, 72.00
1394560563, 72.00
1394560636, 72.00
1394560709, 72.00
1394560782, 72.00
1394560855, 72.00
1394560928, 72.00
1394561001, 72.00
1394561074, 72.00
1394561148, 72.00
1394561221, 72.00
1394561294, 72.00
1394561367, 72.00
1394561440, 72.00
1394561513, 72.00
1394561586, 72.00
1394561659, 72.00
1394561733, 72.00
1394561806, 72.00
1394561879, 72.00
1394561952, 72.00
1394562025, 72.00
1394562098, 72.00
1394562171, 72.00
1394562244, 72.00
1394562317, 72.00
1394562390, 72.00
1394562464, 72.00
1394562537, 72.00
1394562610, 72.00
1394562683, 72.00
1394562756, 72.00
1394562829, 72.00
1394562902, 72.00
1394562975, 72.00
1394563048, 72.00
1394563121, 72.00
1394563194, 72.00
1394563268, 72.00
1394563341, 72.00
1394563487, 72.00
1394563560, 72.00
1394563633, 72.00
1394563706, 72.00
1394563779, 72.00
1394563853, 72.00
1394563999, 72.00
1394564072, 72.00
1394564145, 72.00
1394564218, 72.00
1394564291, 72.00
1394564364, 72.00
1394564437, 72.00
1394564510, 72.00
1394564583, 72.00
1394564656, 72.00
1394564730, 72.00
1394564803, 72.00
1394564876, 72.00
1394564949, 72.00
1394565023, 72.00
1394565096, 72.00
1394565169, 72.00
1394565242, 72.00
1394565315, 72.00
1394565388, 72.00
1394565461, 72.00
1394565535, 72.00
1394565608, 72.00
1394565681, 72.00
1394565754, 72.00
1394565827, 72.00
1394565900, 72.00
1394565974, 72.00
1394566047, 72.00
1394566120, 72.00
1394566193, 72.00
1394566267, 72.00
1394566340, 72.00
1394566413, 72.00
1394566486, 72.00
1394566559, 72.00
1394566705, 72.00
1394566778, 72.00
1394566851, 72.00
1394566924, 72.00
1394566997, 72.00
1394567070, 72.00
1394567143, 72.00
1394567217, 72.00
1394567290, 72.00
1394567363, 72.00
1394567436, 72.00
1394567509, 72.00
1394567582, 72.00
1394567655, 72.00
1394567728, 72.00
1394567801, 72.00
1394567874, 72.00
1394567947, 72.00
1394568021, 72.00
1394568094, 72.00
1394568167, 72.00
1394568240, 72.00
1394568313, 72.00
1394568386, 72.00
1394568459, 72.00
1394568532, 72.00
1394568605, 72.00
1394568678, 72.00
1394568752, 72.00
1394568825, 72.00
1394568898, 72.00
1394568972, 72.00
1394569045, 72.00
1394569118, 72.00
1394569191, 72.00
1394569264, 72.00
1394569337, 72.00
1394569410, 72.00
1394569483, 72.00
1394569556, 72.00
1394569629, 72.00
1394569702, 72.00
1394569775, 72.00
1394569848, 72.00
1394569921, 72.00
1394569994, 72.00
1394570067, 72.00
1394570141, 72.00
1394570214, 72.00
1394570288, 72.00
1394570361, 72.00
1394570434, 72.00
1394570507, 72.00
1394570580, 72.00
1394570653, 72.00
1394570799, 72.00
1394570872, 72.00
1394570945, 72.00
1394571018, 72.00
1394571091, 72.00
1394571164, 72.00
1394571237, 72.00
1394571311, 72.00
1394571384, 72.00
1394571457, 72.00
1394571530, 72.00
1394571676, 72.00
1394571749, 72.00
1394571822, 72.00
1394571895, 72.00
1394571968, 72.00
1394572042, 72.00
1394572115, 72.00
1394572261, 72.00
1394572335, 72.00
1394572408, 72.00
1394572481, 72.00
1394572554, 72.00
1394572627, 72.00
1394572700, 72.00
1394572773, 72.00
1394572846, 72.00
1394572920, 72.00
1394572993, 72.00
1394573066, 72.00
1394573140, 72.00
1394573213, 72.00
1394573359, 72.00
1394573432, 72.00
1394573506, 72.00
1394573579, 72.00
1394573652, 72.00
1394573726, 72.00
1394573799, 72.00
1394573872, 72.00
1394573945, 72.00
1394574018, 72.00
1394574091, 72.00
1394574164, 72.00
1394574238, 72.00
1394574311, 72.00
1394574384, 72.00
1394574457, 72.00
1394574530, 72.00
1394574604, 72.00
1394574677, 72.00
1394574824, 72.00
1394574897, 72.00
1394574970, 72.00
1394575043, 72.00
1394575116, 72.00
1394575189, 72.00
1394575263, 72.00
1394575336, 72.00
1394575409, 72.00
1394575482, 72.00
1394575555, 72.00
1394575701, 72.00
1394575774, 72.00
1394575847, 72.00
1394575920, 72.00
1394575994, 72.00
1394576067, 72.00
1394576140, 72.00
1394576213, 72.00
1394576287, 72.00
1394576360, 72.00
1394576433, 72.00
1394576507, 72.00
1394576580, 72.00
1394576654, 72.00
1394576727, 72.00
1394576800, 72.00
1394576874, 72.00
1394576947, 72.00
1394577020, 72.00
1394577093, 72.00
1394577166, 72.00
1394577239, 72.00
1394577314, 72.00
1394577387, 72.00
1394577460, 72.00
1394577533, 72.00
1394577607, 72.00
1394577680, 72.00
1394577753, 72.00
1394577826, 72.00
1394577899, 72.00
1394577972, 72.00
1394578045, 72.00
1394578119, 72.00
1394578192, 72.00
1394578265, 72.00
1394578338, 72.00
1394578411, 72.00
1394578485, 72.00
1394578631, 72.00
1394578705, 72.00
1394578778, 72.00
1394578851, 72.00
1394578924, 72.00
1394578997, 72.00
1394579070, 72.00
1394579216, 72.00
1394579362, 72.00
1394579435, 72.00
1394579508, 72.00
1394579582, 72.00
1394579655, 72.00
1394579729, 72.00
1394579802, 72.00
1394579875, 72.00
1394579948, 72.00
1394580021, 72.00
1394580094, 72.00
1394580167, 72.00
1394580240, 72.00
1394580313, 72.00
1394580387, 72.00
1394580460, 72.00
1394580606, 72.00
1394580680, 72.00
1394580753, 72.00
1394580826, 72.00
1394580973, 72.00
1394581047, 72.00
1394581120, 72.00
1394581193, 72.00
1394581266, 72.00
1394581339, 72.00
1394581413, 72.00
1394581486, 72.00
1394581559, 72.00
1394581632, 72.00
1394581705, 72.00
1394581778, 72.00
1394581851, 72.00
1394581924, 72.00
1394581997, 72.00
1394582071, 72.00
1394582144, 72.00
1394582217, 72.00
1394582290, 72.00
1394582363, 72.00
1394582436, 72.00
1394582509, 72.00
1394582582, 72.00
1394582655, 72.00
1394582729, 72.00
1394582802, 72.00
1394582875, 72.00
1394582948, 72.00
1394583021, 72.00
1394583094, 72.00
1394583167, 72.00
1394583240, 72.00
1394583313, 72.00
1394583386, 72.00
1394583459, 72.00
1394583533, 72.00
1394583606, 72.00
1394583679, 72.00
1394583752, 72.00
1394583898, 72.00
1394583971, 72.00
1394584044, 72.00
1394584117, 72.00
1394584190, 72.00
1394584263, 72.00
1394584336, 72.00
1394584409, 72.00
1394584482, 72.00
1394584555, 72.00
1394584628, 72.00
1394584702, 72.00
1394584775, 72.00
1394584848, 72.00
1394584921, 72.00
1394584994, 72.00
1394585067, 72.00
1394585140, 72.00
1394585213, 72.00
1394585286, 72.00
1394585432, 72.00
1394585505, 72.00
1394585578, 72.00
1394585651, 72.00
1394585724, 72.00
1394585797, 72.00
1394585870, 72.00
1394585943, 72.00
1394586016, 72.00
1394586089, 72.00
1394586163, 72.00
1394586236, 72.00
1394586309, 72.00
1394586382, 72.00
1394586455, 72.00
1394586528, 72.00
1394586601, 72.00
1394586674, 72.00
1394586747, 72.00
1394586820, 72.00
1394586893, 72.00
1394587185, 72.00
1394587258, 72.00
1394587331, 72.00
1394587404, 72.00
1394587477, 72.00
1394587550, 72.00
1394587624, 72.00
1394587697, 72.00
1394587843, 72.00
1394587916, 72.00
1394587989, 72.00
1394588062, 72.00
1394588135, 72.00
1394588208, 72.00
1394588282, 72.00
1394588355, 72.00
1394588428, 72.00
1394588501, 72.00
1394588574, 72.00
1394588647, 72.00
1394588720, 72.00
1394588793, 72.00
1394588866, 72.00
1394588939, 72.00
1394589013, 72.00
1394589086, 72.00
1394589159, 72.00
1394589232, 72.00
1394589378, 72.00
1394589451, 72.00
1394589524, 72.00
1394589598, 72.00
1394589671, 72.00
1394589744, 72.00
1394589817, 72.00
1394589890, 72.00
1394589963, 72.00
1394590036, 72.00
1394590109, 72.00
1394590183, 72.00
1394590329, 72.00
1394590402, 72.00
1394590476, 72.00
1394590549, 72.00
1394590622, 72.00
1394590695, 72.00
1394590768, 72.00
1394590842, 72.00
1394590915, 72.00
1394590988, 72.00
1394591061, 72.00
1394591134, 72.00
1394591207, 72.00
1394591281, 72.00
1394591427, 72.00
1394591501, 72.00
1394591574, 72.00
1394591647, 72.00
1394591720, 72.00
1394591794, 72.00
1394591867, 72.00
1394591940, 72.00
1394592014, 72.00
1394592087, 72.00
1394592160, 72.00
1394592233, 72.00
1394592307, 72.00
1394592380, 72.00
1394592453, 72.00
1394592526, 72.00
1394592600, 72.00
1394592673, 72.00
1394592747, 72.00
1394592820, 72.00
1394592893, 72.00
1394592966, 72.00
1394593041, 72.00
1394593114, 72.00
1394593187, 72.00
1394593261, 72.00
1394593334, 72.00
1394593408, 72.00
1394593481, 72.00
1394593555, 72.00
1394593628, 72.00
1394593702, 72.00
1394593775, 72.00
1394593848, 72.00
1394593921, 72.00
1394593995, 72.00
1394594068, 72.00
1394594142, 72.00
1394594215, 72.00
1394594288, 72.00
1394594361, 72.00
1394594434, 72.00
1394594507, 72.00
1394594581, 72.00
1394594654, 72.00
1394594728, 72.00
1394594801, 72.00
1394594874, 72.00
1394594947, 72.00
1394595020, 72.00
1394595094, 72.00
1394595167, 72.00
1394595240, 72.00
1394595313, 72.00
1394595386, 72.00
1394595460, 72.00
1394595533, 72.00
1394595606, 72.00
1394595679, 72.00
1394595752, 72.00
1394595826, 72.00
1394595972, 72.00
1394596045, 72.00
1394596118, 72.00
1394596192, 72.00
1394596265, 72.00
1394596338, 72.00
1394596411, 72.00
1394596484, 72.00
1394596631, 72.00
1394596705, 72.00
1394596778, 72.00
1394596852, 72.00
1394596925, 72.00
1394596998, 72.00
1394597071, 72.00
1394597144, 72.00
1394597218, 72.00
1394597291, 72.00
1394597364, 72.00
1394597437, 72.00
1394597510, 72.00
1394597656, 72.00
1394597730, 72.00
1394597804, 72.00
1394597950, 72.00
1394598023, 72.00
1394598097, 72.00
1394598170, 72.00
1394598243, 72.00
1394598316, 72.00
1394598389, 72.00
1394598462, 72.00
1394598536, 72.00
1394598609, 72.00
1394598683, 72.00
1394598756, 72.00
1394598829, 72.00
1394598902, 72.00
1394598975, 72.00
1394599048, 72.00
1394599122, 72.00
1394599195, 72.00
1394599269, 72.00
1394599415, 72.00
1394599489, 72.00
1394599562, 72.00
1394599635, 72.00
1394599709, 72.00
1394599782, 72.00
1394599856, 72.00
1394599929, 72.00
1394600002, 72.00
1394600076, 72.00
1394600149, 72.00
1394600222, 72.00
1394600296, 72.00
1394600369, 72.00
1394600442, 72.00
1394600516, 72.00
1394600589, 72.00
1394600663, 72.00
1394600736, 72.00
1394600809, 72.00
1394600883, 72.00
1394600956, 72.00
1394601030, 72.00
1394601103, 72.00
1394601176, 72.00
1394601250, 72.00
1394601323, 72.00
1394601397, 72.00
1394601470, 72.00
1394601543, 72.00
1394601617, 72.00
1394601690, 72.00
1394601763, 72.00
1394601836, 72.00
1394601909, 72.00
1394601983, 72.00
1394602056, 72.00
1394602129, 72.00
1394602202, 72.00
1394602275, 72.00
1394602349, 72.00
1394602422, 72.00
1394602495, 72.00
1394602569, 72.00
1394602642, 72.00
1394602715, 72.00
1394602789, 72.00
1394602862, 72.00
1394602935, 72.00
1394603009, 72.00
1394603082, 72.00
1394603155, 72.00
1394603228, 72.00
1394603301, 72.00
1394603375, 72.00
1394603448, 72.00
1394603521, 72.00
1394603594, 72.00
1394603667, 72.00
1394603741, 72.00
1394603814, 72.00
1394603887, 72.00
1394603960, 72.00
1394604033, 72.00
1394604106, 72.00
1394604180, 72.00
1394604253, 72.00
1394604326, 72.00
1394604399, 72.00
1394604473, 72.00
1394604546, 72.00
1394604620, 72.00
1394604693, 72.00
1394604766, 72.00
1394604912, 72.00
1394604985, 72.00
1394605058, 72.00
1394605131, 72.00
1394605205, 72.00
1394605279, 72.00
1394605352, 72.00
1394605498, 72.00
1394605571, 72.00
1394605644, 72.00
1394605717, 72.00
1394605791, 72.00
1394605864, 72.00
1394605937, 72.00
1394606010, 72.00
1394606083, 72.00
1394606156, 72.00
1394606229, 72.00
1394606302, 72.00
1394606375, 72.00
1394606448, 72.00
1394606521, 72.00
1394606594, 72.00
1394606668, 72.00
1394606741, 72.00
1394606814, 72.00
1394606887, 72.00
1394606960, 72.00
1394607033, 72.00
1394607106, 72.00
1394607252, 72.00
1394607326, 72.00
1394607399, 72.00
1394607472, 72.00
1394607545, 72.00
1394607618, 72.00
1394607691, 72.00
1394607764, 72.00
1394607837, 72.00
1394607910, 72.00
1394607983, 72.00
1394608056, 72.00
1394608129, 72.00
1394608202, 72.00
1394608275, 72.00
1394608348, 72.00
1394608421, 72.00
1394608494, 72.00
1394608567, 72.00
1394608641, 72.00
1394608714, 72.00
1394608787, 72.00
1394608860, 72.00
1394608933, 72.00
1394609006, 72.00
1394609079, 72.00
1394609152, 72.00
1394609225, 72.00
1394609298, 72.00
1394609371, 72.00
1394609444, 72.00
1394609517, 72.00
1394609590, 72.00
1394609663, 72.00
1394609736, 72.00
1394609809, 72.00
1394609883, 72.00
1394609957, 72.00
1394610030, 72.00
1394610103, 72.00
1394610177, 72.00
1394610250, 72.00
1394610323, 72.00
1394610396, 72.00
1394610470, 72.00
1394610543, 72.00
1394610689, 72.00
1394610762, 72.00
1394610836, 72.00
1394610909, 72.00
1394610982, 72.00
1394611055, 72.00
1394611128, 72.00
1394611202, 72.00
1394611348, 72.00
1394611421, 72.00
1394611494, 72.00
1394611567, 72.00
1394611640, 72.00
1394611713, 72.00
1394611787, 72.00
1394611860, 72.00
1394611933, 72.00
1394612079, 72.00
1394612152, 72.00
1394612226, 72.00
1394612299, 72.00
1394612372, 72.00
1394612445, 72.00
1394612519, 72.00
1394612592, 72.00
1394612665, 72.00
1394612738, 72.00
1394612811, 72.00
1394612884, 72.00
1394612957, 72.00
1394613030, 72.00
1394613104, 72.00
1394613177, 72.00
1394613250, 72.00
1394613323, 72.00
1394613396, 72.00
1394613469, 72.00
1394613542, 72.00
1394613615, 72.00
1394613689, 72.00
1394613762, 72.00
1394613835, 72.00
1394613908, 72.00
1394613981, 72.00
1394614054, 72.00
1394614127, 72.00
1394614273, 72.00
1394614346, 72.00
1394614419, 72.00
1394614492, 72.00
1394614565, 72.00
1394614639, 72.00
1394614712, 72.00
1394614785, 72.00
1394614858, 72.00
1394614931, 72.00
1394615004, 72.00
1394615077, 72.00
1394615150, 72.00
1394615224, 72.00
1394615297, 72.00
1394615371, 72.00
1394615444, 72.00
1394615517, 72.00
1394615590, 72.00
1394615663, 72.00
1394615736, 72.00
1394615810, 72.00
1394615883, 72.00
1394615956, 72.00
1394616029, 72.00
1394616102, 72.00
1394616248, 72.00
1394616321, 72.00
1394616394, 72.00
1394616467, 72.00
1394616540, 72.00
1394616613, 72.00
1394616687, 72.00
1394616760, 72.00
1394616833, 72.00
1394616906, 72.00
1394616980, 72.00
1394617126, 72.00
1394617199, 72.00
1394617272, 72.00
1394617345, 72.00
1394617419, 72.00
1394617492, 72.00
1394617565, 72.00
1394617711, 72.00
1394617784, 72.00
1394617857, 72.00
1394617930, 72.00
1394618004, 72.00
1394618077, 72.00
1394618150, 72.00
1394618223, 72.00
1394618296, 72.00
1394618369, 72.00
1394618442, 72.00
1394618515, 72.00
1394618588, 72.00
1394618662, 72.00
1394618735, 72.00
1394618808, 72.00
1394618881, 72.00
1394618954, 72.00
1394619173, 72.00
1394619246, 72.00
1394619320, 72.00
1394619393, 72.00
1394619467, 72.00
1394619540, 72.00
1394619613, 72.00
1394619686, 72.00
1394619759, 72.00
1394619832, 72.00
1394619906, 72.00
1394619979, 72.00
1394620052, 72.00
1394620125, 72.00
1394620198, 72.00
1394620271, 72.00
1394620345, 72.00
1394620418, 72.00
1394620564, 72.00
1394620637, 72.00
1394620710, 72.00
1394620783, 72.00
1394620857, 72.00
1394620930, 72.00
1394621003, 72.00
1394621076, 72.00
1394621149, 72.00
1394621222, 72.00
1394621295, 72.00
1394621369, 72.00
1394621442, 72.00
1394621515, 72.00
1394621588, 72.00
1394621662, 72.00
1394621735, 72.00
1394621808, 72.00
1394621881, 72.00
1394621954, 72.00
1394622027, 72.00
1394622100, 72.00
1394622173, 72.00
1394622246, 72.00
1394622319, 72.00
1394622392, 72.00
1394622465, 72.00
1394622539, 72.00
1394622612, 72.00
1394622686, 72.00
1394622759, 72.00
1394622832, 72.00
1394622905, 72.00
1394622979, 72.00
1394623052, 72.00
1394623125, 72.00
1394623198, 72.00
1394623271, 72.00
1394623344, 72.00
1394623418, 72.00
1394623491, 72.00
1394623564, 72.00
1394623637, 72.00
1394623710, 72.00
1394623784, 72.00
1394623857, 72.00
1394623930, 72.00
1394624003, 72.00
1394624076, 72.00
1394624149, 72.00
1394624368, 72.00
1394624441, 72.00
1394624514, 72.00
1394624587, 72.00
1394624660, 72.00
1394624733, 72.00
1394624806, 72.00
1394624879, 72.00
1394624952, 72.00
1394625099, 72.00
1394625172, 72.00
1394625245, 72.00
1394625318, 72.00
1394625391, 72.00
1394625464, 72.00
1394625537, 72.00
1394625610, 72.00
1394625683, 72.00
1394625757, 72.00
1394625830, 72.00
1394625903, 72.00
1394625976, 72.00
1394626049, 72.00
1394626122, 72.00
1394626195, 72.00
1394626268, 72.00
1394626342, 72.00
1394626415, 72.00
1394626488, 72.00
1394626561, 72.00
1394626634, 72.00
1394626707, 72.00
1394626780, 72.00
1394626853, 72.00
1394626926, 72.00
1394627000, 72.00
1394627073, 72.00
1394627146, 72.00
1394627219, 72.00
1394627292, 72.00
1394627365, 72.00
1394627439, 72.00
1394627512, 72.00
1394627585, 72.00
1394627658, 72.00
1394627731, 72.00
1394627804, 72.00
1394627878, 72.00
1394627951, 72.00
1394628024, 72.00
1394628097, 72.00
1394628170, 72.00
1394628244, 72.00
1394628317, 72.00
1394628463, 72.00
1394628536, 72.00
1394628609, 72.00
1394628682, 72.00
1394628756, 72.00
1394628829, 72.00
1394628902, 72.00
1394628975, 72.00
1394629048, 72.00
1394629121, 72.00
1394629194, 72.00
1394629340, 72.00
1394629414, 72.00
1394629487, 72.00
1394629560, 72.00
1394629706, 72.00
1394629779, 72.00
1394629852, 72.00
1394629926, 72.00
1394629999, 72.00
1394630072, 72.00
1394630145, 72.00
1394630218, 72.00
1394630292, 72.00
1394630365, 72.00
1394630438, 72.00
1394630512, 72.00
1394630585, 72.00
1394630658, 72.00
1394630731, 72.00
1394630804, 72.00
1394630877, 72.00
1394630950, 72.00
1394631023, 72.00
1394631097, 72.00
1394631170, 72.00
1394631243, 72.00
1394631316, 72.00
1394631390, 72.00
1394631463, 72.00
1394631536, 72.00
1394631610, 72.00
1394631683, 72.00
1394631756, 72.00
1394631829, 72.00
1394631902, 72.00
1394631975, 72.00
1394632049, 72.00
1394632122, 72.00
1394632195, 72.00
1394632268, 72.00
1394632343, 72.00
1394632416, 72.00
1394632489, 72.00
1394632562, 72.00
1394632635, 72.00
1394632708, 72.00
1394632781, 72.00
1394632854, 72.00
1394632927, 72.00
1394633000, 72.00
1394633073, 72.00
1394633146, 72.00
1394633220, 72.00
1394633293, 72.00
1394633366, 72.00
1394633439, 72.00
1394633512, 72.00
1394633731, 72.00
1394633804, 72.00
1394633877, 72.00
1394633950, 72.00
1394634023, 72.00
1394634096, 72.00
1394634170, 72.00
1394634243, 72.00
1394634316, 72.00
1394634389, 72.00
1394634462, 72.00
1394634535, 72.00
1394634608, 72.00
1394634681, 72.00
1394634754, 72.00
1394634827, 72.00
1394634900, 72.00
1394634973, 72.00
1394635046, 72.00
1394635119, 72.00
1394635192, 72.00
1394635265, 72.00
1394635339, 72.00
1394635412, 72.00
1394635485, 72.00
1394635558, 72.00
1394635631, 72.00
1394635704, 72.00
1394635777, 72.00
1394635850, 72.00
1394635923, 72.00
1394635997, 72.00
1394636070, 72.00
1394636143, 72.00
1394636216, 72.00
1394636289, 72.00
1394636362, 72.00
1394636435, 72.00
1394636509, 72.00
1394636582, 72.00
1394636656, 72.00
1394636729, 72.00
1394636802, 72.00
1394636875, 72.00
1394636949, 72.00
1394637022, 72.00
1394637096, 72.00
1394637169, 72.00
1394637243, 72.00
1394637317, 72.00
1394637390, 72.00
1394637464, 72.00
1394637538, 72.00
1394637612, 72.00
1394637685, 72.00
1394637758, 72.00
1394637831, 72.00
1394637904, 72.00
1394637977, 72.00
1394638050, 72.00
1394638124, 72.00
1394638197, 72.00
1394638270, 72.00
1394638343, 72.00
1394638416, 72.00
1394638489, 72.00
1394638708, 72.00
1394638781, 72.00
1394638854, 72.00
1394638927, 72.00
1394639000, 72.00
1394639073, 72.00
1394639146, 72.00
1394639219, 72.00
1394639292, 72.00
1394639366, 72.00
1394639439, 72.00
1394639512, 72.00
1394639585, 72.00
1394639658, 72.00
1394639731, 72.00
1394639804, 72.00
1394639877, 72.00
1394639950, 72.00
1394640023, 72.00
1394640096, 72.00
1394640170, 72.00
1394640243, 72.00
1394640316, 72.00
1394640389, 72.00
1394640462, 72.00
1394640535, 72.00
1394640608, 72.00
1394640682, 72.00
1394640755, 72.00
1394640974, 72.00
1394641047, 72.00
1394641120, 72.00
1394641193, 72.00
1394641266, 72.00
1394641340, 72.00
1394641413, 72.00
1394641559, 72.00
1394641632, 72.00
1394641706, 72.00
1394641779, 72.00
1394641852, 72.00
1394641998, 72.00
1394642071, 72.00
1394642144, 72.00
1394642217, 72.00
1394642290, 72.00
1394642363, 72.00
1394642436, 72.00
1394642509, 72.00
1394642582, 72.00
1394642656, 72.00
1394642729, 72.00
1394642802, 72.00
1394642875, 72.00
1394642948, 72.00
1394643021, 72.00
1394643094, 72.00
1394643167, 72.00
1394643240, 72.00
1394643314, 72.00
1394643387, 72.00
1394643460, 72.00
1394643533, 72.00
1394643606, 72.00
1394643679, 72.00
1394643752, 72.00
1394643826, 72.00
1394643899, 72.00
1394644045, 72.00
1394644118, 72.00
1394644191, 72.00
1394644264, 72.00
1394644337, 72.00
1394644411, 72.00
1394644484, 72.00
1394644557, 72.00
1394644630, 72.00
1394644703, 72.00
1394644776, 72.00
1394644849, 72.00
1394644922, 72.00
1394644995, 72.00
1394645068, 72.00
1394645141, 72.00
1394645214, 72.00
1394645287, 72.00
1394645360, 72.00
1394645433, 72.00
1394645506, 72.00
1394645579, 72.00
1394645653, 72.00
1394645726, 72.00
1394645799, 72.00
1394645872, 72.00
1394645945, 72.00
1394646018, 72.00
1394646091, 72.00
1394646164, 72.00
1394646237, 72.00
1394646310, 72.00
1394646458, 72.00
1394646531, 72.00
1394646605, 72.00
1394646678, 72.00
1394646752, 72.00
1394646825, 72.00
1394646899, 72.00
1394646972, 72.00
1394647045, 72.00
1394647118, 72.00
1394647191, 72.00
1394647265, 72.00
1394647339, 72.00
1394647412, 72.00
1394647485, 72.00
1394647558, 72.00
1394647631, 72.00
1394647704, 72.00
1394647777, 72.00
1394647851, 72.00
1394647924, 72.00
1394647997, 72.00
1394648070, 72.00
1394648143, 72.00
1394648216, 72.00
1394648289, 72.00
1394648362, 72.00
1394648435, 72.00
1394648508, 72.00
1394648581, 72.00
1394648654, 72.00
1394648727, 72.00
1394648800, 72.00
1394648874, 72.00
1394648947, 72.00
1394649020, 72.00
1394649093, 72.00
1394649166, 72.00
1394649239, 72.00
1394649312, 72.00
1394649385, 72.00
1394649458, 72.00
1394649604, 72.00
1394649677, 72.00
1394649750, 72.00
1394649823, 72.00
1394649896, 72.00
1394649970, 72.00
1394650043, 72.00
1394650116, 72.00
1394650189, 72.00
1394650262, 72.00
1394650335, 72.00
1394650408, 72.00
1394650481, 72.00
1394650554, 72.00
1394650627, 72.00
1394650700, 72.00
1394650774, 72.00
1394650847, 72.00
1394650920, 72.00
1394650993, 72.00
1394651066, 72.00
1394651139, 72.00
1394651212, 72.00
1394651285, 72.00
1394651358, 72.00
1394651431, 72.00
1394651504, 72.00
1394651577, 72.00
1394651650, 72.00
1394651724, 72.00
1394651797, 72.00
1394651870, 72.00
1394651943, 72.00
1394652089, 72.00
1394652235, 72.00
1394652308, 72.00
1394652381, 72.00
1394652454, 72.00
1394652527, 72.00
1394652600, 72.00
1394652673, 72.00
1394652746, 72.00
1394652819, 72.00
1394652892, 72.00
1394652965, 72.00
1394653038, 72.00
1394653111, 72.00
1394653185, 72.00
1394653258, 72.00
1394653331, 72.00
1394653404, 72.00
1394653551, 72.00
1394653625, 72.00
1394653698, 72.00
1394653772, 72.00
1394653845, 72.00
1394653991, 72.00
1394654064, 72.00
1394654137, 72.00
1394654210, 72.00
1394654283, 72.00
1394654357, 72.00
1394654431, 72.00
1394654505, 72.00
1394654578, 72.00
1394654652, 72.00
1394654725, 72.00
1394654800, 72.00
1394654874, 72.00
1394654947, 72.00
1394655020, 72.00
1394655093, 72.00
1394655166, 72.00
1394655239, 72.00
1394655312, 72.00
1394655385, 72.00
1394655458, 72.00
1394655531, 72.00
1394655604, 72.00
1394655677, 72.00
1394655751, 72.00
1394655824, 72.00
1394655897, 72.00
1394656043, 72.00
1394656116, 72.00
1394656189, 72.00
1394656262, 72.00
1394656335, 72.00
1394656408, 72.00
1394656481, 72.00
1394656555, 72.00
1394656628, 72.00
1394656701, 72.00
1394656774, 72.00
1394656847, 72.00
1394656920, 72.00
1394656993, 72.00
1394657066, 72.00
1394657139, 72.00
1394657213, 72.00
1394657286, 72.00
1394657359, 72.00
1394657432, 72.00
1394657505, 72.00
1394657578, 72.00
1394657651, 72.00
1394657724, 72.00
1394657797, 72.00
1394657870, 72.00
1394657943, 72.00
1394658017, 72.00
1394658090, 72.00
1394658163, 72.00
1394658236, 72.00
1394658309, 72.00
1394658382, 72.00
1394658455, 72.00
1394658528, 72.00
1394658601, 72.00
1394658674, 72.00
1394658747, 72.00
1394658821, 72.00
1394658894, 72.00
1394658967, 72.00
1394659041, 72.00
1394659114, 72.00
1394659187, 72.00
1394659260, 72.00
1394659333, 72.00
1394659406, 72.00
1394659479, 72.00
1394659552, 72.00
1394659625, 72.00
1394659698, 72.00
1394659771, 72.00
1394659845, 72.00
1394659918, 72.00
1394659991, 72.00
1394660064, 72.00
1394660137, 72.00
1394660210, 72.00
1394660283, 72.00
1394660357, 72.00
1394660430, 72.00
1394660503, 72.00
1394660576, 72.00
1394660649, 72.00
1394660722, 72.00
1394660796, 72.00
1394660869, 72.00
1394660942, 72.00
1394661015, 72.00
1394661088, 72.00
1394661161, 72.00
1394661234, 72.00
1394661307, 72.00
1394661380, 72.00
1394661453, 72.00
1394661526, 72.00
1394661599, 72.00
1394661672, 72.00
1394661746, 72.00
1394661819, 72.00
1394661892, 72.00
1394661965, 72.00
1394662039, 72.00
1394662112, 72.00
1394662185, 72.00
1394662258, 72.00
1394662331, 72.00
1394662404, 72.00
1394662477, 72.00
1394662550, 72.00
1394662623, 72.00
1394662696, 72.00
1394662770, 72.00
1394662843, 72.00
1394662916, 72.00
1394662989, 72.00
1394663062, 72.00
1394663135, 72.00
1394663281, 72.00
1394663354, 72.00
1394663427, 72.00
1394663500, 72.00
1394663573, 72.00
1394663646, 72.00
1394663719, 72.00
1394663792, 72.00
1394663866, 72.00
1394663939, 72.00
1394664012, 72.00
1394664158, 72.00
1394664231, 72.00
1394664304, 72.00
1394664377, 72.00
1394664451, 72.00
1394664524, 72.00
1394664597, 72.00
1394664743, 72.00
1394664816, 72.00
1394664889, 72.00
1394664962, 72.00
1394665035, 72.00
1394665108, 72.00
1394665182, 72.00
1394665255, 72.00
1394665328, 72.00
1394665401, 72.00
1394665474, 72.00
1394665547, 72.00
1394665620, 72.00
1394665693, 72.00
1394665766, 72.00
1394665839, 72.00
1394665912, 72.00
1394665985, 72.00
1394666058, 72.00
1394666131, 72.00
1394666204, 72.00
1394666277, 72.00
1394666350, 72.00
1394666424, 72.00
1394666497, 72.00
1394666570, 72.00
1394666643, 72.00
1394666716, 72.00
1394666789, 72.00
1394666862, 72.00
1394666935, 72.00
1394667008, 72.00
1394667081, 72.00
1394667154, 72.00
1394667227, 72.00
1394667300, 72.00
1394667373, 72.00
1394667446, 72.00
1394667519, 72.00
1394667592, 72.00
1394667665, 72.00
1394667738, 72.00
1394667811, 72.00
1394667884, 72.00
1394667957, 72.00
1394668030, 72.00
1394668104, 72.00
1394668177, 72.00
1394668250, 72.00
1394668323, 72.00
1394668396, 72.00
1394668469, 72.00
1394668543, 72.00
1394668616, 72.00
1394668689, 72.00
1394668762, 72.00
1394668835, 72.00
1394668908, 72.00
1394668981, 72.00
1394669054, 72.00
1394669127, 72.00
1394669200, 72.00
1394669273, 72.00
1394669346, 72.00
1394669419, 72.00
1394669492, 72.00
1394669565, 72.00
1394669638, 72.00
1394669711, 72.00
1394669784, 72.00
1394669858, 72.00
1394669931, 72.00
1394670004, 72.00
1394670077, 72.00
1394670151, 72.00
1394670224, 72.00
1394670297, 72.00
1394670370, 72.00
1394670443, 72.00
1394670516, 72.00
1394670590, 72.00
1394670663, 72.00
1394670736, 72.00
1394670809, 72.00
1394670955, 72.00
1394671028, 72.00
1394671101, 72.00
1394671174, 72.00
1394671247, 72.00
1394671320, 72.00
1394671394, 72.00
1394671467, 72.00
1394671540, 72.00
1394671613, 72.00
1394671832, 72.00
1394671905, 72.00
1394671978, 72.00
1394672051, 72.00
1394672124, 72.00
1394672197, 72.00
1394672271, 72.00
1394672417, 72.00
1394672490, 72.00
1394672563, 72.00
1394672637, 72.00
1394672710, 72.00
1394672783, 72.00
1394672856, 72.00
1394672929, 72.00
1394673002, 72.00
1394673075, 72.00
1394673148, 72.00
1394673294, 72.00
1394673367, 72.00
1394673440, 72.00
1394673513, 72.00
1394673586, 72.00
1394673659, 72.00
1394673733, 72.00
1394673806, 72.00
1394673879, 72.00
1394673952, 72.00
1394674025, 72.00
1394674098, 72.00
1394674171, 72.00
1394674244, 72.00
1394674317, 72.00
1394674390, 72.00
1394674463, 72.00
1394674609, 72.00
1394674682, 72.00
1394674755, 72.00
1394674828, 72.00
1394674902, 72.00
1394674975, 72.00
1394675048, 72.00
1394675121, 72.00
1394675194, 72.00
1394675267, 72.00
1394675340, 72.00
1394675414, 72.00
1394675487, 72.00
1394675560, 72.00
1394675634, 72.00
1394675707, 72.00
1394675780, 72.00
1394675854, 72.00
1394675927, 72.00
1394676000, 72.00
1394676073, 72.00
1394676146, 72.00
1394676219, 72.00
1394676293, 72.00
1394676366, 72.00
1394676439, 72.00
1394676586, 72.00
1394676659, 72.00
1394676732, 72.00
1394676805, 72.00
1394676878, 72.00
1394676951, 72.00
1394677025, 72.00
1394677098, 72.00
1394677172, 72.00
1394677245, 72.00
1394677318, 72.00
1394677392, 72.00
1394677466, 72.00
1394677539, 72.00
1394677612, 72.00
1394677686, 72.00
1394677759, 72.00
1394677832, 72.00
1394677905, 72.00
1394677978, 72.00
1394678052, 72.00
1394678125, 72.00
1394678198, 72.00
1394678271, 72.00
1394678345, 72.00
1394678418, 72.00
1394678491, 72.00
1394678565, 72.00
1394678638, 72.00
1394678711, 72.00
1394678784, 72.00
1394678858, 72.00
1394678931, 72.00
1394679004, 72.00
1394679077, 72.00
1394679150, 72.00
1394679223, 72.00
1394679296, 72.00
1394679370, 72.00
1394679443, 72.00
1394679516, 72.00
1394679590, 72.00
1394679663, 72.00
1394679736, 72.00
1394679809, 72.00
1394679882, 72.00
1394679956, 72.00
1394680029, 72.00
1394680102, 72.00
1394680175, 72.00
1394680248, 72.00
1394680321, 72.00
1394680394, 72.00
1394680467, 72.00
1394680540, 72.00
1394680613, 72.00
1394680687, 72.00
1394680760, 72.00
1394680833, 72.00
1394680906, 72.00
1394680979, 72.00
1394681053, 72.00
1394681126, 72.00
1394681199, 72.00
1394681272, 72.00
1394681345, 72.00
1394681418, 72.00
1394681491, 72.00
1394681564, 72.00
1394681638, 72.00
1394681711, 72.00
1394681857, 72.00
1394681930, 72.00
1394682003, 72.00
1394682076, 72.00
1394682150, 72.00
1394682223, 72.00
1394682442, 72.00
1394682515, 72.00
1394682589, 72.00
1394682662, 72.00
1394682735, 72.00
1394682808, 72.00
1394682881, 72.00
1394682955, 72.00
1394683029, 72.00
1394683102, 72.00
1394683175, 72.00
1394683248, 72.00
1394683321, 72.00
1394683394, 72.00
1394683468, 72.00
1394683541, 72.00
1394683614, 72.00
1394683687, 72.00
1394683760, 72.00
1394683833, 72.00
1394683906, 72.00
1394683979, 72.00
1394684052, 72.00
1394684125, 72.00
1394684198, 72.00
1394684271, 72.00
1394684344, 72.00
1394684417, 72.00
1394684491, 72.00
1394684564, 72.00
1394684637, 72.00
1394684856, 72.00
1394684929, 72.00
1394685002, 72.00
1394685075, 72.00
1394685148, 72.00
1394685221, 72.00
1394685295, 72.00
1394685368, 72.00
1394685441, 72.00
1394685514, 72.00
1394685660, 72.00
1394685733, 72.00
1394685807, 72.00
1394685880, 72.00
1394685953, 72.00
1394686026, 72.00
1394686099, 72.00
1394686173, 72.00
1394686246, 72.00
1394686319, 72.00
1394686392, 72.00
1394686465, 72.00
1394686538, 72.00
1394686612, 72.00
1394686758, 72.00
1394686831, 72.00
1394686905, 72.00
1394686978, 72.00
1394687051, 72.00
1394687124, 72.00
1394687197, 72.00
1394687270, 72.00
1394687343, 72.00
1394687417, 72.00
1394687490, 72.00
1394687782, 72.00
1394687856, 72.00
1394687929, 72.00
1394688002, 72.00
1394688075, 72.00
1394688148, 72.00
1394688221, 72.00
1394688294, 72.00
1394688367, 72.00
1394688440, 72.00
1394688514, 72.00
1394688587, 72.00
1394688660, 72.00
1394688733, 72.00
1394688806, 72.00
1394688879, 72.00
1394688953, 72.00
1394689026, 72.00
1394689099, 72.00
1394689172, 72.00
1394689245, 72.00
1394689318, 72.00
1394689392, 72.00
1394689465, 72.00
1394689538, 72.00
1394689611, 72.00
1394689684, 72.00
1394689757, 72.00
1394689830, 72.00
1394689903, 72.00
1394690049, 72.00
1394690122, 72.00
1394690195, 72.00
1394690269, 72.00
1394690342, 72.00
1394690415, 72.00
1394690488, 72.00
1394690561, 72.00
1394690634, 72.00
1394690708, 72.00
1394690781, 72.00
1394690854, 72.00
1394690927, 72.00
1394691000, 72.00
1394691073, 72.00
1394691147, 72.00
1394691220, 72.00
1394691293, 72.00
1394691366, 72.00
1394691439, 72.00
1394691513, 72.00
1394691586, 72.00
1394691659, 72.00
1394691732, 72.00
1394691806, 72.00
1394691879, 72.00
1394691952, 72.00
1394692025, 72.00
1394692098, 72.00
1394692171, 72.00
1394692244, 72.00
1394692317, 72.00
1394692390, 72.00
1394692464, 72.00
1394692537, 72.00
1394692610, 72.00
1394692683, 72.00
1394692756, 72.00
1394692829, 72.00
1394692902, 72.00
1394692975, 72.00
1394693048, 72.00
1394693124, 72.00
1394693197, 72.00
1394693270, 72.00
1394693343, 72.00
1394693416, 72.00
1394693489, 72.00
1394693562, 72.00
1394693635, 72.00
1394693708, 72.00
1394693781, 72.00
1394693854, 72.00
1394693927, 72.00
1394694001, 72.00
1394694074, 72.00
1394694147, 72.00
1394694220, 72.00
1394694293, 72.00
1394694366, 72.00
1394694440, 72.00
1394694513, 72.00
1394694586, 72.00
1394694659, 72.00
1394694732, 72.00
1394694805, 72.00
1394694878, 72.00
1394694951, 72.00
1394695025, 72.00
1394695098, 72.00
1394695171, 72.00
1394695244, 72.00
1394695317, 72.00
1394695390, 72.00
1394695463, 72.00
1394695536, 72.00
1394695610, 72.00
1394695756, 72.00
1394695829, 72.00
1394695903, 72.00
1394695976, 72.00
1394696049, 72.00
1394696122, 72.00
1394696195, 72.00
1394696269, 72.00
1394696342, 72.00
1394696415, 72.00
1394696488, 72.00
1394696561, 72.00
1394696634, 72.00
1394696708, 72.00
1394696781, 72.00
1394696854, 72.00
1394696927, 72.00
1394697000, 72.00
1394697073, 72.00
1394697219, 72.00
1394697293, 72.00
1394697366, 72.00
1394697439, 72.00
1394697512, 72.00
1394697585, 72.00
1394697658, 72.00
1394697731, 72.00
1394697804, 72.00
1394697878, 72.00
1394697951, 72.00
1394698024, 72.00
1394698097, 72.00
1394698170, 72.00
1394698243, 72.00
1394698316, 72.00
1394698389, 72.00
1394698462, 72.00
1394698535, 72.00
1394698608, 72.00
1394698681, 72.00
1394698754, 72.00
1394698827, 72.00
1394698900, 72.00
1394698973, 72.00
1394699119, 72.00
1394699192, 72.00
1394699265, 72.00
1394699338, 72.00
1394699411, 72.00
1394699484, 72.00
1394699557, 72.00
1394699630, 72.00
1394699703, 72.00
1394699776, 72.00
1394699849, 72.00
1394699922, 72.00
1394699995, 72.00
1394700069, 72.00
1394700142, 72.00
1394700215, 72.00
1394700288, 72.00
1394700361, 72.00
1394700434, 72.00
1394700507, 72.00
1394700581, 72.00
1394700654, 72.00
1394700727, 72.00
1394700800, 72.00
1394700873, 72.00
1394700946, 72.00
1394701019, 72.00
1394701092, 72.00
1394701165, 72.00
1394701238, 72.00
1394701311, 72.00
1394701384, 72.00
1394701457, 72.00
1394701531, 72.00
1394701604, 72.00
1394701677, 72.00
1394701750, 72.00
1394701823, 72.00
1394701896, 72.00
1394701969, 72.00
1394702042, 72.00
1394702115, 72.00
1394702261, 72.00
1394702334, 72.00
1394702407, 72.00
1394702480, 72.00
1394702553, 72.00
1394702626, 72.00
1394702699, 72.00
1394702772, 72.00
1394702845, 72.00
1394702919, 72.00
1394702992, 72.00
1394703065, 72.00
1394703138, 72.00
1394703211, 72.00
1394703284, 72.00
1394703357, 72.00
1394703431, 72.00
1394703504, 72.00
1394703577, 72.00
1394703650, 72.00
1394703723, 72.00
1394703796, 72.00
1394703869, 72.00
1394703942, 72.00
1394704015, 72.00
1394704088, 72.00
1394704161, 72.00
1394704234, 72.00
1394704307, 72.00
1394704380, 72.00
1394704453, 72.00
1394704526, 72.00
1394704599, 72.00
1394704672, 72.00
1394704745, 72.00
1394704818, 72.00
1394704891, 72.00
1394704964, 72.00
1394705037, 72.00
1394705110, 72.00
1394705183, 72.00
1394705257, 72.00
1394705330, 72.00
1394705403, 72.00
1394705476, 72.00
1394705549, 72.00
1394705622, 72.00
1394705695, 72.00
1394705841, 72.00
1394705914, 72.00
1394705987, 72.00
1394706060, 72.00
1394706133, 72.00
1394706206, 72.00
1394706279, 72.00
1394706352, 72.00
1394706425, 72.00
1394706498, 72.00
1394706571, 72.00
1394706644, 72.00
1394706717, 72.00
1394706790, 72.00
1394706863, 72.00
1394706936, 72.00
1394707010, 72.00
1394707083, 72.00
1394707156, 72.00
1394707229, 72.00
1394707302, 72.00
1394707375, 72.00
1394707521, 72.00
1394707594, 72.00
1394707667, 72.00
1394707740, 72.00
1394707813, 72.00
1394707886, 72.00
1394707960, 72.00
1394708033, 72.00
1394708106, 72.00
1394708179, 72.00
1394708252, 72.00
1394708325, 72.00
1394708398, 72.00
1394708471, 72.00
1394708544, 72.00
1394708617, 72.00
1394708690, 72.00
1394708763, 72.00
1394708836, 72.00
1394708909, 72.00
1394708982, 72.00
1394709055, 72.00
1394709128, 72.00
1394709201, 72.00
1394709274, 72.00
1394709347, 72.00
1394709420, 72.00
1394709493, 72.00
1394709566, 72.00
1394709639, 72.00
1394709713, 72.00
1394709786, 72.00
1394709859, 72.00
1394709932, 72.00
1394710005, 72.00
1394710078, 72.00
1394710151, 72.00
1394710224, 72.00
1394710297, 72.00
1394710370, 72.00
1394710443, 72.00
1394710516, 72.00
1394710589, 72.00
1394710662, 72.00
1394710735, 72.00
1394710808, 72.00
1394710881, 72.00
1394710954, 72.00
1394711027, 72.00
1394711100, 72.00
1394711173, 72.00
1394711246, 72.00
1394711319, 72.00
1394711393, 72.00
1394711466, 72.00
1394711539, 72.00
1394711612, 72.00
1394711685, 72.00
1394711758, 72.00
1394711831, 72.00
1394711904, 72.00
1394711977, 72.00
1394712050, 72.00
1394712123, 72.00
1394712196, 72.00
1394712269, 72.00
1394712343, 72.00
1394712416, 72.00
1394712489, 72.00
1394712562, 72.00
1394712635, 72.00
1394712708, 72.00
1394712781, 72.00
1394712854, 72.00
1394712927, 72.00
1394713000, 72.00
1394713073, 72.00
1394713146, 72.00
1394713219, 72.00
1394713293, 72.00
1394713366, 72.00
1394713439, 72.00
1394713512, 72.00
1394713585, 72.00
1394713731, 72.00
1394713804, 72.00
1394714023, 72.00
1394714096, 72.00
1394714169, 72.00
1394714242, 72.00
1394714315, 72.00
1394714388, 72.00
1394714461, 72.00
1394714534, 72.00
1394714607, 72.00
1394714680, 72.00
1394714753, 72.00
1394714826, 72.00
1394714899, 72.00
1394714972, 72.00
1394715045, 72.00
1394715118, 72.00
1394715191, 72.00
1394715265, 72.00
1394715338, 72.00
1394715411, 72.00
1394715484, 72.00
1394715557, 72.00
1394715630, 72.00
1394715703, 72.00
1394715776, 72.00
1394715849, 72.00
1394715922, 72.00
1394716068, 72.00
1394716141, 72.00
1394716214, 72.00
1394716287, 72.00
1394716360, 72.00
1394716433, 72.00
1394716506, 72.00
1394716579, 72.00
1394716652, 72.00
1394716725, 72.00
1394716798, 72.00
1394716872, 72.00
1394716945, 72.00
1394717018, 72.00
1394717091, 72.00
1394717164, 72.00
1394717237, 72.00
1394717310, 72.00
1394717383, 72.00
1394717456, 72.00
1394717529, 72.00
1394717603, 72.00
1394717676, 72.00
1394717750, 72.00
1394717824, 72.00
1394717897, 72.00
1394717970, 72.00
1394718043, 72.00
1394718116, 72.00
1394718189, 72.00
1394718262, 72.00
1394718335, 72.00
1394718408, 72.00
1394718481, 72.00
1394718554, 72.00
1394718627, 72.00
1394718700, 72.00
1394718773, 72.00
1394718846, 72.00
1394718919, 72.00
1394718992, 72.00
1394719065, 72.00
1394719138, 72.00
1394719211, 72.00
1394719285, 72.00
1394719358, 72.00
1394719431, 72.00
1394719504, 72.00
1394719577, 72.00
1394719650, 72.00
1394719723, 72.00
1394719797, 72.00
1394719870, 72.00
1394720016, 72.00
1394720089, 72.00
1394720162, 72.00
1394720235, 72.00
1394720308, 72.00
1394720382, 72.00
1394720455, 72.00
1394720528, 72.00
1394720601, 72.00
1394720674, 72.00
1394720747, 72.00
1394720821, 72.00
1394720894, 72.00
1394720968, 72.00
1394721041, 72.00
1394721114, 72.00
1394721187, 72.00
1394721260, 72.00
1394721333, 72.00
1394721406, 72.00
1394721552, 72.00
1394721625, 72.00
1394721698, 72.00
1394721771, 72.00
1394721844, 72.00
1394721917, 72.00
1394721990, 72.00
1394722063, 72.00
1394722136, 72.00
1394722209, 72.00
1394722282, 72.00
1394722355, 72.00
1394722429, 72.00
1394722502, 72.00
1394722575, 72.00
1394722648, 72.00
1394722721, 72.00
1394722794, 72.00
1394722867, 72.00
1394722940, 72.00
1394723013, 72.00
1394723086, 72.00
1394723159, 72.00
1394723232, 72.00
1394723305, 72.00
1394723378, 72.00
1394723451, 72.00
1394723524, 72.00
1394723597, 72.00
1394723670, 72.00
1394723743, 72.00
1394723816, 72.00
1394723889, 72.00
1394723962, 72.00
1394724035, 72.00
1394724108, 72.00
1394724181, 72.00
1394724254, 72.00
1394724327, 72.00
1394724400, 72.00
1394724474, 72.00
1394724547, 72.00
1394724620, 72.00
1394724693, 72.00
1394724766, 72.00
1394724839, 72.00
1394724912, 72.00
1394724985, 72.00
1394725131, 72.00
1394725204, 72.00
1394725277, 72.00
1394725350, 72.00
1394725423, 72.00
1394725496, 72.00
1394725569, 72.00
1394725642, 72.00
1394725715, 72.00
1394725788, 72.00
1394725861, 72.00
1394725934, 72.00
1394726007, 72.00
1394726080, 72.00
1394726153, 72.00
1394726227, 72.00
1394726300, 72.00
1394726373, 72.00
1394726446, 72.00
1394726519, 72.00
1394726592, 72.00
1394726665, 72.00
1394726738, 72.00
1394726811, 72.00
1394726884, 72.00
1394727030, 72.00
1394727103, 72.00
1394727176, 72.00
1394727249, 72.00
1394727322, 72.00
1394727395, 72.00
1394727468, 72.00
1394727541, 72.00
1394727614, 72.00
1394727687, 72.00
1394727760, 72.00
1394727833, 72.00
1394727906, 72.00
1394727979, 72.00
1394728053, 72.00
1394728126, 72.00
1394728199, 72.00
1394728272, 72.00
1394728345, 72.00
1394728418, 72.00
1394728491, 72.00
1394728565, 72.00
1394728638, 72.00
1394728711, 72.00
1394728784, 72.00
1394728857, 72.00
1394728930, 72.00
1394729004, 72.00
1394729077, 72.00
1394729150, 72.00
1394729224, 72.00
1394729297, 72.00
1394729444, 72.00
1394729517, 72.00
1394729590, 72.00
1394729663, 72.00
1394729736, 72.00
1394729810, 72.00
1394729883, 72.00
1394729956, 72.00
1394730029, 72.00
1394730102, 72.00
1394730175, 72.00
1394730248, 72.00
1394730321, 72.00
1394730394, 72.00
1394730467, 72.00
1394730540, 72.00
1394730686, 72.00
1394730759, 72.00
1394730832, 72.00
1394730905, 72.00
1394730978, 72.00
1394731051, 72.00
1394731124, 72.00
1394731198, 72.00
1394731271, 72.00
1394731344, 72.00
1394731417, 72.00
1394731490, 72.00
1394731563, 72.00
1394731636, 72.00
1394731709, 72.00
1394731782, 72.00
1394731855, 72.00
1394731928, 72.00
1394732001, 72.00
1394732074, 72.00
1394732147, 72.00
1394732220, 72.00
1394732293, 72.00
1394732366, 72.00
1394732440, 72.00
1394732513, 72.00
1394732586, 72.00
1394732659, 72.00
1394732732, 72.00
1394732805, 72.00
1394732878, 72.00
1394732951, 72.00
1394733024, 72.00
1394733097, 72.00
1394733170, 72.00
1394733243, 72.00
1394733316, 72.00
1394733389, 72.00
1394733462, 72.00
1394733535, 72.00
1394733608, 72.00
1394733681, 72.00
1394733754, 72.00
1394733828, 72.00
1394733901, 72.00
1394733974, 72.00
1394734047, 72.00
1394734120, 72.00
1394734193, 72.00
1394734266, 72.00
1394734339, 72.00
1394734485, 72.00
1394734558, 72.00
1394734632, 72.00
1394734705, 72.00
1394734778, 72.00
1394734997, 72.00
1394735070, 72.00
1394735143, 72.00
1394735216, 72.00
1394735289, 72.00
1394735362, 72.00
1394735435, 72.00
1394735508, 72.00
1394735581, 72.00
1394735654, 72.00
1394735727, 72.00
1394735800, 72.00
1394735873, 72.00
1394735946, 72.00
1394736020, 72.00
1394736093, 72.00
1394736166, 72.00
1394736239, 72.00
1394736312, 72.00
1394736385, 72.00
1394736458, 72.00
1394736531, 72.00
1394736604, 72.00
1394736677, 72.00
1394736750, 72.00
1394736823, 72.00
1394736896, 72.00
1394736969, 72.00
1394737042, 72.00
1394737115, 72.00
1394737188, 72.00
1394737261, 72.00
1394737336, 72.00
1394737409, 72.00
1394737482, 72.00
1394737555, 72.00
1394737628, 72.00
1394737702, 72.00
1394737775, 72.00
1394737848, 72.00
1394737921, 72.00
1394737994, 72.00
1394738067, 72.00
1394738140, 72.00
1394738286, 72.00
1394738359, 72.00
1394738432, 72.00
1394738505, 72.00
1394738578, 72.00
1394738651, 72.00
1394738724, 72.00
1394738797, 72.00
1394738870, 72.00
1394738943, 72.00
1394739016, 72.00
1394739089, 72.00
1394739163, 72.00
1394739236, 72.00
1394739309, 72.00
1394739382, 72.00
1394739455, 72.00
1394739528, 72.00
1394739601, 72.00
1394739674, 72.00
1394739747, 72.00
1394739820, 72.00
1394739893, 72.00
1394739966, 72.00
1394740039, 72.00
1394740112, 72.00
1394740185, 72.00
1394740258, 72.00
1394740331, 72.00
1394740404, 72.00
1394740477, 72.00
1394740550, 72.00
1394740623, 72.00
1394740696, 72.00
1394740769, 72.00
1394740842, 72.00
1394740915, 72.00
1394740988, 72.00
1394741061, 72.00
1394741135, 72.00
1394741208, 72.00
1394741281, 72.00
1394741354, 72.00
1394741427, 72.00
1394741500, 72.00
1394741573, 72.00
1394741646, 72.00
1394741719, 72.00
1394741792, 72.00
1394741865, 72.00
1394741938, 72.00
1394742011, 72.00
1394742084, 72.00
1394742157, 72.00
1394742230, 72.00
1394742303, 72.00
1394742376, 72.00
1394742449, 72.00
1394742523, 72.00
1394742596, 72.00
1394742669, 72.00
1394742742, 72.00
1394742815, 72.00
1394742888, 72.00
1394742961, 72.00
1394743035, 72.00
1394743108, 72.00
1394743181, 72.00
1394743254, 72.00
1394743327, 72.00
1394743400, 72.00
1394743473, 72.00
1394743546, 72.00
1394743619, 72.00
1394743692, 72.00
1394743765, 72.00
1394743838, 72.00
1394743911, 72.00
1394743984, 72.00
1394744057, 72.00
1394744130, 72.00
1394744203, 72.00
1394744276, 72.00
1394744349, 72.00
1394744422, 72.00
1394744495, 72.00
1394744568, 72.00
1394744642, 72.00
1394744715, 72.00
1394744788, 72.00
1394744861, 72.00
1394744934, 72.00
1394745007, 72.00
1394745080, 72.00
1394745153, 72.00
1394745226, 72.00
1394745299, 72.00
1394745372, 72.00
1394745445, 72.00
1394745518, 72.00
1394745591, 72.00
1394745664, 72.00
1394745810, 72.00
1394745883, 72.00
1394745956, 72.00
1394746029, 72.00
1394746102, 72.00
1394746175, 72.00
1394746249, 72.00
1394746322, 72.00
1394746395, 72.00
1394746468, 72.00
1394746541, 72.00
1394746614, 72.00
1394746687, 72.00
1394746833, 72.00
1394746979, 72.00
1394747052, 72.00
1394747126, 72.00
1394747199, 72.00
1394747272, 72.00
1394747345, 72.00
1394747418, 72.00
1394747491, 72.00
1394747564, 72.00
1394747637, 72.00
1394747710, 72.00
1394747783, 72.00
1394747856, 72.00
1394747929, 72.00
1394748002, 72.00
1394748075, 72.00
1394748148, 72.00
1394748221, 72.00
1394748294, 72.00
1394748367, 72.00
1394748440, 72.00
1394748513, 72.00
1394748586, 72.00
1394748659, 72.00
1394748732, 72.00
1394748806, 72.00
1394748879, 72.00
1394748952, 72.00
1394749025, 72.00
1394749098, 72.00
1394749171, 72.00
1394749244, 72.00
1394749390, 72.00
1394749463, 72.00
1394749536, 72.00
1394749682, 72.00
1394749755, 72.00
1394749828, 72.00
1394749901, 72.00
1394749974, 72.00
1394750047, 72.00
1394750120, 72.00
1394750193, 72.00
1394750266, 72.00
1394750339, 72.00
1394750412, 72.00
1394750486, 72.00
1394750559, 72.00
1394750632, 72.00
1394750705, 72.00
1394750778, 72.00
1394750851, 72.00
1394750924, 72.00
1394750997, 72.00
1394751070, 72.00
1394751143, 72.00
1394751216, 72.00
1394751289, 72.00
1394751362, 72.00
1394751435, 72.00
1394751508, 72.00
1394751581, 72.00
1394751654, 72.00
1394751727, 72.00
1394751800, 72.00
1394751873, 72.00
1394751946, 72.00
1394752019, 72.00
1394752092, 72.00
1394752165, 72.00
1394752238, 72.00
1394752311, 72.00
1394752384, 72.00
1394752458, 72.00
1394752531, 72.00
1394752604, 72.00
1394752677, 72.00
1394752750, 72.00
1394752823, 72.00
1394752896, 72.00
1394752969, 72.00
1394753042, 72.00
1394753115, 72.00
1394753188, 72.00
1394753407, 72.00
1394753480, 72.00
1394753554, 72.00
1394753627, 72.00
1394753700, 72.00
1394753773, 72.00
1394753846, 72.00
1394753919, 72.00
1394754065, 72.00
1394754138, 72.00
1394754211, 72.00
1394754284, 72.00
1394754357, 72.00
1394754430, 72.00
1394754503, 72.00
1394754576, 72.00
1394754650, 72.00
1394754723, 72.00
1394754796, 72.00
1394754869, 72.00
1394754942, 72.00
1394755015, 72.00
1394755088, 72.00
1394755161, 72.00
1394755234, 72.00
1394755307, 72.00
1394755380, 72.00
1394755453, 72.00
1394755526, 72.00
1394755599, 72.00
1394755673, 72.00
1394755746, 72.00
1394755819, 72.00
1394755892, 72.00
1394755965, 72.00
1394756038, 72.00
1394756111, 72.00
1394756184, 72.00
1394756257, 72.00
1394756330, 72.00
1394756403, 72.00
1394756476, 72.00
1394756549, 72.00
1394756622, 72.00
1394756695, 72.00
1394756768, 72.00
1394756841, 72.00
1394756914, 72.00
1394756988, 72.00
1394757061, 72.00
1394757134, 72.00
1394757207, 72.00
1394757280, 72.00
1394757353, 72.00
1394757426, 72.00
1394757499, 72.00
1394757572, 72.00
1394757645, 72.00
1394757718, 72.00
1394757791, 72.00
1394757864, 72.00
1394757938, 72.00
1394758157, 72.00
1394758230, 72.00
1394758303, 72.00
1394758376, 72.00
1394758449, 72.00
1394758522, 72.00
1394758595, 72.00
1394758668, 72.00
1394758741, 72.00
1394758814, 72.00
1394758888, 72.00
1394758961, 72.00
1394759034, 72.00
1394759107, 72.00
1394759180, 72.00
1394759253, 72.00
1394759326, 72.00
1394759399, 72.00
1394759472, 72.00
1394759545, 72.00
1394759618, 72.00
1394759691, 72.00
1394759764, 72.00
1394759837, 72.00
1394759911, 72.00
1394759984, 72.00
1394760057, 72.00
1394760130, 72.00
1394760203, 72.00
1394760276, 72.00
1394760351, 72.00
1394760425, 72.00
1394760498, 72.00
1394760644, 72.00
1394760717, 72.00
1394760790, 72.00
1394760864, 72.00
1394760937, 72.00
1394761010, 72.00
1394761084, 72.00
1394761157, 72.00
1394761230, 72.00
1394761304, 72.00
1394761377, 72.00
1394761450, 72.00
1394761523, 72.00
1394761596, 72.00
1394761670, 72.00
1394761743, 72.00
1394761816, 72.00
1394761889, 72.00
1394761962, 72.00
1394762035, 72.00
1394762109, 72.00
1394762182, 72.00
1394762255, 72.00
1394762328, 72.00
1394762401, 72.00
1394762475, 72.00
1394762548, 72.00
1394762621, 72.00
1394762694, 72.00
1394762767, 72.00
1394762840, 72.00
1394762914, 72.00
1394762987, 72.00
1394763060, 72.00
1394763134, 72.00
1394763207, 72.00
1394763280, 72.00
1394763353, 72.00
1394763500, 72.00
1394763573, 72.00
1394763646, 72.00
1394763719, 72.00
1394763865, 72.00
1394763938, 72.00
1394764011, 72.00
1394764085, 72.00
1394764158, 72.00
1394764232, 72.00
1394764305, 72.00
1394764378, 72.00
1394764452, 72.00
1394764525, 72.00
1394764598, 72.00
1394764671, 72.00
1394764744, 72.00
1394764818, 72.00
1394764891, 72.00
1394764964, 72.00
1394765037, 72.00
1394765184, 72.00
1394765257, 72.00
1394765330, 72.00
1394765404, 72.00
1394765477, 72.00
1394765550, 72.00
1394765623, 72.00
1394765696, 72.00
1394765769, 72.00
1394765842, 72.00
1394765915, 72.00
1394765989, 72.00
1394766063, 72.00
1394766136, 72.00
1394766209, 72.00
1394766282, 72.00
1394766355, 72.00
1394766428, 72.00
1394766501, 72.00
1394766574, 72.00
1394766647, 72.00
1394766721, 72.00
1394766794, 72.00
1394766867, 72.00
1394766941, 72.00
1394767014, 72.00
1394767087, 72.00
1394767160, 72.00
1394767233, 72.00
1394767307, 72.00
1394767380, 72.00
1394767454, 72.00
1394767527, 72.00
1394767600, 72.00
1394767673, 72.00
1394767747, 72.00
1394767820, 72.00
1394767893, 72.00
1394767966, 72.00
1394768039, 72.00
1394768112, 72.00
1394768186, 72.00
1394768259, 72.00
1394768332, 72.00
1394768405, 72.00
1394768479, 72.00
1394768552, 72.00
1394768625, 72.00
1394768698, 72.00
1394768771, 72.00
1394768844, 72.00
1394768917, 72.00
1394768990, 72.00
1394769136, 72.00
1394769209, 72.00
1394769282, 72.00
1394769356, 72.00
1394769429, 72.00
1394769502, 72.00
1394769575, 72.00
1394769649, 72.00
1394769722, 72.00
1394769795, 72.00
1394769868, 72.00
1394769942, 72.00
1394770015, 72.00
1394770088, 72.00
1394770161, 72.00
1394770234, 72.00
1394770453, 72.00
1394770526, 72.00
1394770599, 72.00
1394770672, 72.00
1394770746, 72.00
1394770819, 72.00
1394770892, 72.00
1394770965, 72.00
1394771038, 72.00
1394771111, 72.00
1394771185, 72.00
1394771258, 72.00
1394771331, 72.00
1394771405, 72.00
1394771479, 72.00
1394771552, 72.00
1394771626, 72.00
1394771699, 72.00
1394771773, 72.00
1394771846, 72.00
1394771920, 72.00
1394771994, 72.00
1394772067, 72.00
1394772140, 72.00
1394772214, 72.00
1394772288, 72.00
1394772361, 72.00
1394772434, 72.00
1394772507, 72.00
1394772580, 72.00
1394772654, 72.00
1394772728, 72.00
1394772801, 72.00
1394772874, 72.00
1394772948, 72.00
1394773022, 72.00
1394773095, 72.00
1394773169, 72.00
1394773242, 72.00
1394773316, 72.00
1394773390, 72.00
1394773463, 72.00
1394773537, 72.00
1394773610, 72.00
1394773684, 72.00
1394773758, 72.00
1394773832, 72.00
1394773905, 72.00
1394773978, 72.00
1394774051, 72.00
1394774124, 72.00
1394774197, 72.00
1394774270, 72.00
1394774343, 72.00
1394774416, 72.00
1394774489, 72.00
1394774562, 72.00
1394774635, 72.00
1394774708, 72.00
1394774781, 72.00
1394774854, 72.00
1394774927, 72.00
1394775000, 72.00
1394775073, 72.00
1394775146, 72.00
1394775219, 72.00
1394775292, 72.00
1394775365, 72.00
1394775439, 72.00
1394775512, 72.00
1394775585, 72.00
1394775658, 72.00
1394775731, 72.00
1394775804, 72.00
1394775877, 72.00
1394775950, 72.00
1394776023, 72.00
1394776096, 72.00
1394776169, 72.00
1394776243, 72.00
1394776316, 72.00
1394776389, 72.00
1394776462, 72.00
1394776535, 72.00
1394776608, 72.00
1394776681, 72.00
1394776827, 72.00
1394776900, 72.00
1394776973, 72.00
1394777046, 72.00
1394777119, 72.00
1394777192, 72.00
1394777265, 72.00
1394777338, 72.00
1394777411, 72.00
1394777485, 72.00
1394777558, 72.00
1394777631, 72.00
1394777704, 72.00
1394777850, 72.00
1394777923, 72.00
1394777996, 72.00
1394778069, 72.00
1394778142, 72.00
1394778215, 72.00
1394778288, 72.00
1394778361, 72.00
1394778434, 72.00
1394778507, 72.00
1394778581, 72.00
1394778654, 72.00
1394778727, 72.00
1394778800, 72.00
1394778873, 72.00
1394778946, 72.00
1394779019, 72.00
1394779092, 72.00
1394779165, 72.00
1394779238, 72.00
1394779311, 72.00
1394779385, 72.00
1394779458, 72.00
1394779531, 72.00
1394779604, 72.00
1394779677, 72.00
1394779750, 72.00
1394779823, 72.00
1394779896, 72.00
1394779969, 72.00
1394780042, 72.00
1394780188, 72.00
1394780261, 72.00
1394780334, 72.00
1394780407, 72.00
1394780480, 72.00
1394780553, 72.00
1394780626, 72.00
1394780699, 72.00
1394780773, 72.00
1394780846, 72.00
1394780919, 72.00
1394780992, 72.00
1394781065, 72.00
1394781138, 72.00
1394781211, 72.00
1394781284, 72.00
1394781357, 72.00
1394781430, 72.00
1394781503, 72.00
1394781576, 72.00
1394781649, 72.00
1394781722, 72.00
1394781795, 72.00
1394781868, 72.00
1394781941, 72.00
1394782014, 72.00
1394782087, 72.00
1394782160, 72.00
1394782233, 72.00
1394782307, 72.00
1394782380, 72.00
1394782453, 72.00
1394782526, 72.00
1394782599, 72.00
1394782672, 72.00
1394782745, 72.00
1394782818, 72.00
1394782891, 72.00
1394782964, 72.00
1394783110, 72.00
1394783256, 72.00
1394783329, 72.00
1394783402, 72.00
1394783475, 72.00
1394783548, 72.00
1394783621, 72.00
1394783694, 72.00
1394783767, 72.00
1394783840, 72.00
1394783913, 72.00
1394783986, 72.00
1394784059, 72.00
1394784132, 72.00
1394784206, 72.00
1394784279, 72.00
1394784352, 72.00
1394784425, 72.00
1394784498, 72.00
1394784571, 72.00
1394784644, 72.00
1394784717, 72.00
1394784790, 72.00
1394784863, 72.00
1394784936, 72.00
1394785010, 72.00
1394785083, 72.00
1394785156, 72.00
1394785229, 72.00
1394785302, 72.00
1394785375, 72.00
1394785448, 72.00
1394785521, 72.00
1394785594, 72.00
1394785667, 72.00
1394785740, 72.00
1394785813, 72.00
1394785886, 72.00
1394785959, 72.00
1394786032, 72.00
1394786105, 72.00
1394786179, 72.00
1394786252, 72.00
1394786325, 72.00
1394786398, 72.00
1394786471, 72.00
1394786544, 72.00
1394786617, 72.00
1394786690, 72.00
1394786763, 72.00
1394786836, 72.00
1394786909, 72.00
1394786982, 72.00
1394787055, 72.00
1394787129, 72.00
1394787202, 72.00
1394787275, 72.00
1394787348, 72.00
1394787421, 72.00
1394787494, 72.00
1394787567, 72.00
1394787640, 72.00
1394787713, 72.00
1394787786, 72.00
1394787859, 72.00
1394787933, 72.00
1394788006, 72.00
1394788079, 72.00
1394788152, 72.00
1394788225, 72.00
1394788298, 72.00
1394788371, 72.00
1394788444, 72.00
1394788590, 72.00
1394788663, 72.00
1394788736, 72.00
1394788809, 72.00
1394788882, 72.00
1394788955, 72.00
1394789028, 72.00
1394789101, 72.00
1394789174, 72.00
1394789247, 72.00
1394789320, 72.00
1394789393, 72.00
1394789467, 72.00
1394789540, 72.00
1394789613, 72.00
1394789686, 72.00
1394789759, 72.00
1394789832, 72.00
1394790051, 72.00
1394790124, 72.00
1394790197, 72.00
1394790270, 72.00
1394790344, 72.00
1394790417, 72.00
1394790490, 72.00
1394790563, 72.00
1394790636, 72.00
1394790709, 72.00
1394790783, 72.00
1394790856, 72.00
1394790929, 72.00
1394791002, 72.00
1394791076, 72.00
1394791149, 72.00
1394791222, 72.00
1394791295, 72.00
1394791368, 72.00
1394791441, 72.00
1394791514, 72.00
1394791587, 72.00
1394791660, 72.00
1394791733, 72.00
1394791806, 72.00
1394791879, 72.00
1394791952, 72.00
1394792025, 72.00
1394792098, 72.00
1394792171, 72.00
1394792245, 72.00
1394792318, 72.00
1394792391, 72.00
1394792464, 72.00
1394792537, 72.00
1394792610, 72.00
1394792683, 72.00
1394792756, 72.00
1394792829, 72.00
1394792902, 72.00
1394792975, 72.00
1394793049, 72.00
1394793122, 72.00
1394793196, 72.00
1394793269, 72.00
1394793342, 72.00
1394793416, 72.00
1394793489, 72.00
1394793562, 72.00
1394793636, 72.00
1394793709, 72.00
1394793782, 72.00
1394793928, 72.00
1394794001, 72.00
1394794074, 72.00
1394794147, 72.00
1394794220, 72.00
1394794293, 72.00
1394794366, 72.00
1394794439, 72.00
1394794513, 72.00
1394794586, 72.00
1394794659, 72.00
1394794732, 72.00
1394794805, 72.00
1394794878, 72.00
1394794951, 72.00
1394795024, 72.00
1394795097, 72.00
1394795170, 72.00
1394795243, 72.00
1394795317, 72.00
1394795390, 72.00
1394795463, 72.00
1394795536, 72.00
1394795609, 72.00
1394795682, 72.00
1394795755, 72.00
1394795828, 72.00
1394795901, 72.00
1394795974, 72.00
1394796047, 72.00
1394796120, 72.00
1394796193, 72.00
1394796266, 72.00
1394796339, 72.00
1394796412, 72.00
1394796485, 72.00
1394796558, 72.00
1394796631, 72.00
1394796704, 72.00
1394796777, 72.00
1394796850, 72.00
1394796923, 72.00
1394796996, 72.00
1394797070, 72.00
1394797143, 72.00
1394797216, 72.00
1394797289, 72.00
1394797362, 72.00
1394797435, 72.00
1394797508, 72.00
1394797581, 72.00
1394797654, 72.00
1394797727, 72.00
1394797800, 72.00
1394797873, 72.00
1394797946, 72.00
1394798019, 72.00
1394798092, 72.00
1394798165, 72.00
1394798238, 72.00
1394798311, 72.00
1394798384, 72.00
1394798457, 72.00
1394798531, 72.00
1394798604, 72.00
1394798677, 72.00
1394798750, 72.00
1394798823, 72.00
1394798896, 72.00
1394798969, 72.00
1394799042, 72.00
1394799115, 72.00
1394799188, 72.00
1394799261, 72.00
1394799335, 72.00
1394799408, 72.00
1394799481, 72.00
1394799554, 72.00
1394799627, 72.00
1394799700, 72.00
1394799773, 72.00
1394799846, 72.00
1394799919, 72.00
1394799992, 72.00
1394800065, 72.00
1394800138, 72.00
1394800211, 72.00
1394800284, 72.00
1394800357, 72.00
1394800430, 72.00
1394800503, 72.00
1394800576, 72.00
1394800649, 72.00
1394800722, 72.00
1394800795, 72.00
1394800868, 72.00
1394800941, 72.00
1394801014, 72.00
1394801088, 72.00
1394801161, 72.00
1394801234, 72.00
1394801307, 72.00
1394801380, 72.00
1394801453, 72.00
1394801526, 72.00
1394801599, 72.00
1394801672, 72.00
1394801745, 72.00
1394801818, 72.00
1394801891, 72.00
1394801964, 72.00
1394802037, 72.00
1394802110, 72.00
1394802183, 72.00
1394802256, 72.00
1394802330, 72.00
1394802403, 72.00
1394802476, 72.00
1394802549, 72.00
1394802695, 72.00
1394802768, 72.00
1394802841, 72.00
1394802915, 72.00
1394802988, 72.00
1394803061, 72.00
1394803134, 72.00
1394803207, 72.00
1394803280, 72.00
1394803353, 72.00
1394803426, 72.00
1394803499, 72.00
1394803572, 72.00
1394803645, 72.00
1394803718, 72.00
1394803791, 72.00
1394803864, 72.00
1394803937, 72.00
1394804010, 72.00
1394804083, 72.00
1394804156, 72.00
1394804234, 72.00
1394804312, 72.00
1394804385, 72.00
1394804531, 72.00
1394804604, 72.00
1394804677, 72.00
1394804751, 72.00
1394804824, 72.00
1394804897, 72.00
1394804970, 72.00
1394805043, 72.00
1394805117, 72.00
1394805190, 72.00
1394805263, 72.00
1394805336, 72.00
1394805409, 72.00
1394805482, 72.00
1394805628, 72.00
1394805701, 72.00
1394805847, 72.00
1394805920, 72.00
1394805993, 72.00
1394806066, 72.00
1394806139, 72.00
1394806212, 72.00
1394806285, 72.00
1394806358, 72.00
1394806431, 72.00
1394806504, 72.00
1394806577, 72.00
1394806650, 72.00
1394806723, 72.00
1394806796, 72.00
1394806869, 72.00
1394806942, 72.00
1394807015, 72.00
1394807089, 72.00
1394807162, 72.00
1394807235, 72.00
1394807308, 72.00
1394807381, 72.00
1394807454, 72.00
1394807527, 72.00
1394807600, 72.00
1394807673, 72.00
1394807746, 72.00
1394807819, 72.00
1394807892, 72.00
1394807965, 72.00
1394808038, 72.00
1394808111, 72.00
1394808184, 72.00
1394808257, 72.00
1394808330, 72.00
1394808403, 72.00
1394808477, 72.00
1394808550, 72.00
1394808623, 72.00
1394808696, 72.00
1394808769, 72.00
1394808842, 72.00
1394808916, 72.00
1394808989, 72.00
1394809062, 72.00
1394809135, 72.00
1394809208, 72.00
1394809281, 72.00
1394809354, 72.00
1394809427, 72.00
1394809501, 72.00
1394809574, 72.00
1394809647, 72.00
1394809720, 72.00
1394809793, 72.00
1394809866, 72.00
1394809939, 72.00
1394810085, 72.00
1394810158, 72.00
1394810231, 72.00
1394810304, 72.00
1394810377, 72.00
1394810450, 72.00
1394810523, 72.00
1394810596, 72.00
1394810669, 72.00
1394810742, 72.00
1394810815, 72.00
1394810888, 72.00
1394810962, 72.00
1394811035, 72.00
1394811108, 72.00
1394811181, 72.00
1394811254, 72.00
1394811327, 72.00
1394811400, 72.00
1394811473, 72.00
1394811546, 72.00
1394811619, 72.00
1394811693, 72.00
1394811766, 72.00
1394811839, 72.00
1394811912, 72.00
1394811985, 72.00
1394812058, 72.00
1394812131, 72.00
1394812205, 72.00
1394812278, 72.00
1394812352, 72.00
1394812571, 72.00
1394812644, 72.00
1394812718, 72.00
1394812791, 72.00
1394812864, 72.00
1394812937, 72.00
1394813010, 72.00
1394813083, 72.00
1394813156, 72.00
1394813230, 72.00
1394813303, 72.00
1394813376, 72.00
1394813450, 72.00
1394813523, 72.00
1394813596, 72.00
1394813669, 72.00
1394813742, 72.00
1394813815, 72.00
1394813889, 72.00
1394813962, 72.00
1394814035, 72.00
1394814109, 72.00
1394814182, 72.00
1394814255, 72.00
1394814474, 72.00
1394814547, 72.00
1394814620, 72.00
1394814693, 72.00
1394814767, 72.00
1394814840, 72.00
1394814913, 72.00
1394814987, 72.00
1394815060, 72.00
1394815133, 72.00
1394815206, 72.00
1394815279, 72.00
1394815352, 72.00
1394815426, 72.00
1394815499, 72.00
1394815572, 72.00
1394815645, 72.00
1394815718, 72.00
1394815792, 72.00
1394815865, 72.00
1394815938, 72.00
1394816011, 72.00
1394816084, 72.00
1394816157, 72.00
1394816231, 72.00
1394816304, 72.00
1394816377, 72.00
1394816450, 72.00
1394816523, 72.00
1394816596, 72.00
1394816669, 72.00
1394816742, 72.00
1394816815, 72.00
1394816888, 72.00
1394816961, 72.00
1394817034, 72.00
1394817107, 72.00
1394817181, 72.00
1394817254, 72.00
1394817327, 72.00
1394817400, 72.00
1394817473, 72.00
1394817546, 72.00
1394817619, 72.00
1394817692, 72.00
1394817766, 72.00
1394817839, 72.00
1394817912, 72.00
1394817985, 72.00
1394818058, 72.00
1394818204, 72.00
1394818277, 72.00
1394818350, 72.00
1394818423, 72.00
1394818496, 72.00
1394818569, 72.00
1394818642, 72.00
1394818715, 72.00
1394818788, 72.00
1394818861, 72.00
1394818935, 72.00
1394819008, 72.00
1394819082, 72.00
1394819155, 72.00
1394819228, 72.00
1394819301, 72.00
1394819374, 72.00
1394819448, 72.00
1394819521, 72.00
1394819594, 72.00
1394819667, 72.00
1394819740, 72.00
1394819813, 72.00
1394819886, 72.00
1394819959, 72.00
1394820032, 72.00
1394820105, 72.00
1394820179, 72.00
1394820252, 72.00
1394820325, 72.00
1394820471, 72.00
1394820544, 72.00
1394820618, 72.00
1394820691, 72.00
1394820764, 72.00
1394820837, 72.00
1394820910, 72.00
1394820983, 72.00
1394821056, 72.00
1394821130, 72.00
1394821203, 72.00
1394821276, 72.00
1394821349, 72.00
1394821422, 72.00
1394821495, 72.00
1394821569, 72.00
1394821643, 72.00
1394821717, 72.00
1394821790, 72.00
1394821863, 72.00
1394821936, 72.00
1394822009, 72.00
1394822082, 72.00
1394822155, 72.00
1394822228, 72.00
1394822302, 72.00
1394822375, 72.00
1394822594, 72.00
1394822668, 72.00
1394822741, 72.00
1394822814, 72.00
1394822888, 72.00
1394823034, 72.00
1394823532, 72.00
1394823605, 72.00
1394823678, 72.00
1394823751, 72.00
1394823824, 72.00
1394823897, 72.00
1394823970, 72.00
1394824043, 72.00
1394824117, 72.00
1394824190, 72.00
1394824263, 72.00
1394824336, 72.00
1394824409, 72.00
1394824483, 72.00
1394824556, 72.00
1394824629, 72.00
1394824702, 72.00
1394824775, 72.00
1394824849, 72.00
1394824922, 72.00
1394824995, 72.00
1394825068, 72.00
1394825141, 72.00
1394825215, 72.00
1394825288, 72.00
1394825361, 72.00
1394825434, 72.00
1394825507, 72.00
1394825580, 72.00
1394825653, 72.00
1394825726, 72.00
1394825800, 72.00
1394825874, 72.00
1394825947, 72.00
1394826020, 72.00
1394826093, 72.00
1394826312, 72.00
1394826385, 72.00
1394826459, 72.00
1394826532, 72.00
1394826606, 72.00
1394826679, 72.00
1394826752, 72.00
1394826825, 72.00
1394826898, 72.00
1394826972, 72.00
1394827045, 72.00
1394827118, 72.00
1394827191, 72.00
1394827264, 72.00
1394827338, 72.00
1394827411, 72.00
1394827484, 72.00
1394827557, 72.00
1394827630, 72.00
1394827703, 72.00
1394827777, 72.00
1394827850, 72.00
1394827924, 72.00
1394827997, 72.00
1394828070, 72.00
1394828144, 72.00
1394828217, 72.00
1394828290, 72.00
1394828363, 72.00
1394828437, 72.00
1394828511, 72.00
1394828584, 72.00
1394828658, 72.00
1394828731, 72.00
1394828804, 72.00
1394828878, 72.00
1394828951, 72.00
1394829024, 72.00
1394829097, 72.00
1394829170, 72.00
1394829243, 72.00
1394829389, 72.00
1394829462, 72.00
1394829535, 72.00
1394829608, 72.00
1394829681, 72.00
1394829755, 72.00
1394829828, 72.00
1394829901, 72.00
1394829974, 72.00
1394830047, 72.00
1394830120, 72.00
1394830193, 72.00
1394830266, 72.00
1394830339, 72.00
1394830412, 72.00
1394830485, 72.00
1394830558, 72.00
1394830631, 72.00
1394830705, 72.00
1394830778, 72.00
1394830851, 72.00
1394830924, 72.00
1394830997, 72.00
1394831070, 72.00
1394831144, 72.00
1394831217, 72.00
1394831290, 72.00
1394831363, 72.00
1394831436, 72.00
1394831509, 72.00
1394831728, 72.00
1394831801, 72.00
1394831874, 72.00
1394831947, 72.00
1394832020, 72.00
1394832093, 72.00
1394832166, 72.00
1394832239, 72.00
1394832313, 72.00
1394832386, 72.00
1394832459, 72.00
1394832532, 72.00
1394832605, 72.00
1394832678, 72.00
1394832751, 72.00
1394832824, 72.00
1394832898, 72.00
1394832971, 72.00
1394833044, 72.00
1394833117, 72.00
1394833190, 72.00
1394833409, 72.00
1394833482, 72.00
1394833555, 72.00
1394833628, 72.00
1394833701, 72.00
1394833774, 72.00
1394833847, 72.00
1394833921, 72.00
1394833994, 72.00
1394834067, 72.00
1394834213, 72.00
1394834286, 72.00
1394834359, 72.00
1394834432, 72.00
1394834506, 72.00
1394834579, 72.00
1394834652, 72.00
1394834725, 72.00
1394834798, 72.00
1394834871, 72.00
1394834944, 72.00
1394835017, 72.00
1394835090, 72.00
1394835163, 72.00
1394835237, 72.00
1394835310, 72.00
1394835383, 72.00
1394835456, 72.00
1394835529, 72.00
1394835602, 72.00
1394835675, 72.00
1394835748, 72.00
1394835821, 72.00
1394835894, 72.00
1394835967, 72.00
1394836041, 72.00
1394836114, 72.00
1394836187, 72.00
1394836333, 72.00
1394836407, 72.00
1394836480, 72.00
1394836553, 72.00
1394836626, 72.00
1394836699, 72.00
1394836772, 72.00
1394836845, 72.00
1394836918, 72.00
1394836991, 72.00
1394837064, 72.00
1394837137, 72.00
1394837211, 72.00
1394837357, 72.00
1394837430, 72.00
1394837503, 72.00
1394837576, 72.00
1394837650, 72.00
1394837723, 72.00
1394837797, 72.00
1394837944, 72.00
1394838017, 72.00
1394838091, 72.00
1394838164, 72.00
1394838237, 72.00
1394838310, 72.00
1394838383, 72.00
1394838457, 72.00
1394838531, 72.00
1394838604, 72.00
1394838678, 72.00
1394838751, 72.00
1394838825, 72.00
1394838898, 72.00
1394838972, 72.00
1394839045, 72.00
1394839118, 72.00
1394839191, 72.00
1394839266, 72.00
1394839339, 72.00
1394839412, 72.00
1394839486, 72.00
1394839559, 72.00
1394839632, 72.00
1394839705, 72.00
1394839779, 72.00
1394839852, 72.00
1394839926, 72.00
1394839999, 72.00
1394840073, 72.00
1394840146, 72.00
1394840220, 72.00
1394840294, 72.00
1394840367, 72.00
1394840440, 72.00
1394840513, 72.00
1394840587, 72.00
1394840661, 72.00
1394840734, 72.00
1394840808, 72.00
1394840954, 72.00
1394841027, 72.00
1394841100, 72.00
1394841173, 72.00
1394841246, 72.00
1394841319, 72.00
1394841392, 72.00
1394841465, 72.00
1394841538, 72.00
1394841611, 72.00
1394841685, 72.00
1394841758, 72.00
1394841831, 72.00
1394841904, 72.00
1394841977, 72.00
1394842050, 72.00
1394842123, 72.00
1394842196, 72.00
1394842270, 72.00
1394842343, 72.00
1394842416, 72.00
1394842489, 72.00
1394842708, 72.00
1394842781, 72.00
1394842854, 72.00
1394842928, 72.00
1394843074, 72.00
1394843147, 72.00
1394843220, 72.00
1394843294, 72.00
1394843367, 72.00
1394843440, 72.00
1394843513, 72.00
1394843586, 72.00
1394843659, 72.00
1394843732, 72.00
1394843805, 72.00
1394843878, 72.00
1394843951, 72.00
1394844097, 72.00
1394844170, 72.00
1394844243, 72.00
1394844316, 72.00
1394844389, 72.00
1394844462, 72.00
1394844535, 72.00
1394844609, 72.00
1394844682, 72.00
1394844757, 72.00
1394844831, 72.00
1394844904, 72.00
1394844978, 72.00
1394845052, 72.00
1394845126, 72.00
1394845273, 72.00
1394845346, 72.00
1394845420, 72.00
1394845494, 72.00
1394845568, 72.00
1394845641, 72.00
1394845714, 72.00
1394845787, 72.00
1394845860, 72.00
1394845933, 72.00
1394846006, 72.00
1394846079, 72.00
1394846152, 72.00
1394846225, 72.00
1394846298, 72.00
1394846371, 72.00
1394846444, 72.00
1394846517, 72.00
1394846590, 72.00
1394846663, 72.00
1394846736, 72.00
1394846809, 72.00
1394846882, 72.00
1394846955, 72.00
1394847029, 72.00
1394847103, 72.00
1394847176, 72.00
1394847249, 72.00
1394847323, 72.00
1394847396, 72.00
1394847469, 72.00
1394847542, 72.00
1394847615, 72.00
1394847688, 72.00
1394847761, 72.00
1394847834, 72.00
1394847907, 72.00
1394847980, 72.00
1394848053, 72.00
1394848126, 72.00
1394848199, 72.00
1394848272, 72.00
1394848345, 72.00
1394848418, 72.00
1394848491, 72.00
1394848564, 72.00
1394848638, 72.00
1394848711, 72.00
1394848784, 72.00
1394848857, 72.00
1394848930, 72.00
1394849003, 72.00
1394849076, 72.00
1394849149, 72.00
1394849222, 72.00
1394849295, 72.00
1394849368, 72.00
1394849441, 72.00
1394849514, 72.00
1394849587, 72.00
1394849660, 72.00
1394849733, 72.00
1394849806, 72.00
1394849879, 72.00
1394849952, 72.00
1394850025, 72.00
1394850098, 72.00
1394850171, 72.00
1394850244, 72.00
1394850317, 72.00
1394850390, 72.00
1394850463, 72.00
1394850536, 72.00
1394850609, 72.00
1394850682, 72.00
1394850755, 72.00
1394850828, 72.00
1394850901, 72.00
1394850974, 72.00
1394851047, 72.00
1394851120, 72.00
1394851193, 72.00
1394851266, 72.00
1394851339, 72.00
1394851412, 72.00
1394851485, 72.00
1394851558, 72.00
1394851631, 72.00
1394851704, 72.00
1394851777, 72.00
1394851850, 72.00
1394851923, 72.00
1394851996, 72.00
1394852069, 72.00
1394852142, 72.00
1394852215, 72.00
1394852288, 72.00
1394852361, 72.00
1394852435, 72.00
1394852508, 72.00
1394852581, 72.00
1394852654, 72.00
1394852727, 72.00
1394852800, 72.00
1394852873, 72.00
1394852946, 72.00
1394853019, 72.00
1394853092, 72.00
1394853165, 72.00
1394853238, 72.00
1394853311, 72.00
1394853384, 72.00
1394853457, 72.00
1394853530, 72.00
1394853603, 72.00
1394853676, 72.00
1394853749, 72.00
1394853822, 72.00
1394853895, 72.00
1394853968, 72.00
1394854041, 72.00
1394854114, 72.00
1394854187, 72.00
1394854260, 72.00
1394854333, 72.00
1394854406, 72.00
1394854479, 72.00
1394854552, 72.00
1394854625, 72.00
1394854698, 72.00
1394854771, 72.00
1394854844, 72.00
1394854917, 72.00
1394854990, 72.00
1394855063, 72.00
1394855136, 72.00
1394855209, 72.00
1394855282, 72.00
1394855355, 72.00
1394855428, 72.00
1394855501, 72.00
1394855574, 72.00
1394855647, 72.00
1394855720, 72.00
1394855793, 72.00
1394855866, 72.00
1394855939, 72.00
1394856012, 72.00
1394856085, 72.00
1394856158, 72.00
1394856231, 72.00
1394856304, 72.00
1394856377, 72.00
1394858787, 72.00
1394858860, 72.00
1394858933, 72.00
1394859079, 72.00
1394859152, 72.00
1394859225, 72.00
1394859298, 72.00
1394859371, 72.00
1394859444, 72.00
1394859517, 72.00
1394859590, 72.00
1394859663, 72.00
1394859736, 72.00
1394859809, 72.00
1394859882, 72.00
1394859955, 72.00
1394860028, 72.00
1394860101, 72.00
1394860174, 72.00
1394860247, 72.00
1394860320, 72.00
1394860393, 72.00
1394860466, 72.00
1394860539, 72.00
1394860612, 72.00
1394860685, 72.00
1394860758, 72.00
1394860831, 72.00
1394860904, 72.00
1394860977, 72.00
1394861050, 72.00
1394861123, 72.00
1394861197, 72.00
1394861270, 72.00
1394861343, 72.00
1394861416, 72.00
1394861854, 72.00
1394861927, 72.00
1394866381, 72.00
1394867624, 72.00
1394867697, 72.00
1394867771, 72.00
1394867844, 72.00
1394867917, 72.00
1394867990, 72.00
1394868063, 72.00
1394868136, 72.00
1394868210, 72.00
1394868283, 72.00
1394868356, 72.00
1394868430, 72.00
1394868503, 72.00
1394868576, 72.00
1394868649, 72.00
1394868722, 72.00
1394868795, 72.00
1394868868, 72.00
1394868941, 72.00
1394869014, 72.00
1394869087, 72.00
1394869160, 72.00
1394869233, 72.00
1394869306, 72.00
1394869379, 72.00
1394869452, 72.00
1394869525, 72.00
1394869598, 72.00
1394869671, 72.00
1394869744, 72.00
1394869817, 72.00
1394869890, 72.00
1394869963, 72.00
1394870036, 72.00
1394870109, 72.00
1394870182, 72.00
1394870255, 72.00
1394870329, 72.00
1394870402, 72.00
1394870475, 72.00
1394870548, 72.00
1394870621, 72.00
1394870694, 72.00
1394870767, 72.00
1394870840, 72.00
1394870913, 72.00
1394870986, 72.00
1394871059, 72.00
1394871132, 72.00
1394871205, 72.00
1394871278, 72.00
1394871352, 72.00
1394871425, 72.00
1394871498, 72.00
1394871571, 72.00
1394871644, 72.00
1394871717, 72.00
1394871791, 72.00
1394871864, 72.00
1394871937, 72.00
1394872010, 72.00
1394872083, 72.00
1394872156, 72.00
1394872229, 72.00
1394872302, 72.00
1394872375, 72.00
1394872448, 72.00
1394872522, 72.00
1394872595, 72.00
1394872668, 72.00
1394872742, 72.00
1394872815, 72.00
1394872889, 72.00
1394872962, 72.00
1394873035, 72.00
1394873108, 72.00
1394873181, 72.00
1394873255, 72.00
1394873328, 72.00
1394873401, 72.00
1394873474, 72.00
1394873547, 72.00
1394873621, 72.00
1394878890, 72.00
1394878964, 72.00
1394879037, 72.00
1394879110, 72.00
1394879183, 72.00
1394879258, 72.00
1394879991, 72.00
1394880066, 72.00
1394880139, 72.00
1394880212, 72.00
1394880285, 72.00
1394880358, 72.00
1394880431, 72.00
1394880504, 72.00
1394880577, 72.00
1394880650, 72.00
1394880724, 72.00
1394880797, 72.00
1394880870, 72.00
1394880943, 72.00
1394881018, 72.00
1394881092, 72.00
1394881165, 72.00
1394881238, 72.00
1394881311, 72.00
1394881384, 72.00
1394881457, 72.00
1394881530, 72.00
1394881604, 72.00
1394881679, 72.00
1394881752, 72.00
1394881825, 72.00
1394881901, 72.00
1394881976, 72.00
1394882050, 72.00
1394882125, 72.00
1394882200, 72.00
1394882274, 72.00
1394882348, 72.00
1394882422, 72.00
1394882497, 72.00
1394882570, 72.00
1394882643, 72.00
1394882717, 72.00
1394882790, 72.00
1394882863, 72.00
1394882937, 72.00
1394883010, 72.00
1394883083, 72.00
1394883156, 72.00
1394883229, 72.00
1394883302, 72.00
1394883375, 72.00
1394883448, 72.00
1394883521, 72.00
1394883594, 72.00
1394883667, 72.00
1394883740, 72.00
1394883814, 72.00
1394883887, 72.00
1394883961, 72.00
1394884034, 72.00
1394884107, 72.00
1394884180, 72.00
1394884253, 72.00
1394884326, 72.00
1394884399, 72.00
1394884472, 72.00
1394884545, 72.00
1394884618, 72.00
1394884691, 72.00
1394884764, 72.00
1394884837, 72.00
1394884910, 72.00
1394884983, 72.00
1394885056, 72.00
1394885129, 72.00
1394885202, 72.00
1394885275, 72.00
1394885348, 72.00
1394885421, 72.00
1394885494, 72.00
1394885567, 72.00
1394885640, 72.00
1394885713, 72.00
1394885786, 72.00
1394885859, 72.00
1394885932, 72.00
1394886005, 72.00
1394886078, 72.00
1394886151, 72.00
1394886224, 72.00
1394886297, 72.00
1394886370, 72.00
1394886443, 72.00
1394886516, 72.00
1394886589, 72.00
1394886662, 72.00
1394886735, 72.00
1394886808, 72.00
1394886882, 72.00
1394886955, 72.00
1394887028, 72.00
1394887101, 72.00
1394887174, 72.00
1394887247, 72.00
1394887320, 72.00
1394887393, 72.00
1394887466, 72.00
1394887539, 72.00
1394887612, 72.00
1394887685, 72.00
1394887758, 72.00
1394887831, 72.00
1394887904, 72.00
1394887977, 72.00
1394888050, 72.00
1394888123, 72.00
1394888196, 72.00
1394888269, 72.00
1394888342, 72.00
1394888415, 72.00
1394888488, 72.00
1394888561, 72.00
1394888634, 72.00
1394888707, 72.00
1394888780, 72.00
1394888853, 72.00
1394888926, 72.00
1394888999, 72.00
1394889072, 72.00
1394889145, 72.00
1394889218, 72.00
1394889291, 72.00
1394889364, 72.00
1394889437, 72.00
1394889510, 72.00
1394889583, 72.00
1394889656, 72.00
1394889729, 72.00
1394889802, 72.00
1394889875, 72.00
1394889948, 72.00
1394890021, 72.00
1394890094, 72.00
1394890167, 72.00
1394890240, 72.00
1394890313, 72.00
1394890386, 72.00
1394890459, 72.00
1394890532, 72.00
1394890605, 72.00
1394890679, 72.00
1394890752, 72.00
1394890825, 72.00
1394890898, 72.00
1394890972, 72.00
1394891045, 72.00
1394891118, 72.00
1394891191, 72.00
1394891264, 72.00
1394891337, 72.00
1394891410, 72.00
1394891483, 72.00
1394891556, 72.00
1394891629, 72.00
1394891702, 72.00
1394891775, 72.00
1394891848, 72.00
1394891922, 72.00
1394891995, 72.00
1394892068, 72.00
1394892141, 72.00
1394892214, 72.00
1394892287, 72.00
1394892360, 72.00
1394892433, 72.00
1394892506, 72.00
1394892579, 72.00
1394892652, 72.00
1394892725, 72.00
1394892798, 72.00
1394892871, 72.00
1394892944, 72.00
1394893017, 72.00
1394893090, 72.00
1394893163, 72.00
1394893236, 72.00
1394893309, 72.00
1394893382, 72.00
1394893455, 72.00
1394893528, 72.00
1394893601, 72.00
1394893674, 72.00
1394893747, 72.00
1394893820, 72.00
1394893894, 72.00
1394893967, 72.00
1394894040, 72.00
1394894113, 72.00
1394894186, 72.00
1394894259, 72.00
1394894332, 72.00
1394894405, 72.00
1394894478, 72.00
1394894551, 72.00
1394894624, 72.00
1394894698, 72.00
1394894771, 72.00
1394894845, 72.00
1394894918, 72.00
1394894992, 72.00
1394895065, 72.00
1394895138, 72.00
1394895212, 72.00
1394895285, 72.00
1394895360, 72.00
1394895434, 72.00
1394895508, 72.00
1394895582, 72.00
1394895655, 72.00
1394895729, 72.00
1394895802, 72.00
1394895876, 72.00
1394895950, 72.00
1394896024, 72.00
1394896097, 72.00
1394896170, 72.00
1394896244, 72.00
1394896317, 72.00
1394896391, 72.00
1394896465, 72.00
1394896538, 72.00
1394896612, 72.00
1394896685, 72.00
1394896758, 72.00
1394896832, 72.00
1394896906, 72.00
1394896980, 72.00
1394897054, 72.00
1394897128, 72.00
1394897201, 72.00
1394897274, 72.00
1394897348, 72.00
1394897421, 72.00
1394897494, 72.00
1394897568, 72.00
1394897641, 72.00
1394897714, 72.00
1394897787, 72.00
1394897860, 72.00
1394897934, 72.00
1394898009, 72.00
1394898083, 72.00
1394898157, 72.00
1394898231, 72.00
1394898379, 72.00
1394898453, 72.00
1394898528, 72.00
1394898603, 72.00
1394898678, 72.00
1394898752, 72.00
1394898827, 72.00
1394898901, 72.00
1394898974, 72.00
1394899047, 72.00
1394899120, 72.00
1394899193, 72.00
1394899267, 72.00
1394899341, 72.00
1394899416, 72.00
1394899564, 72.00
1394899639, 72.00
1394899712, 72.00
1394899785, 72.00
1394899858, 72.00
1394899932, 72.00
1394900005, 72.00
1394900078, 72.00
1394900151, 72.00
1394900224, 72.00
1394900297, 72.00
1394900443, 72.00
1394900516, 72.00
1394900590, 72.00
1394900663, 72.00
1394900736, 72.00
1394900809, 72.00
1394900883, 72.00
1394900957, 72.00
1394901032, 72.00
1394901106, 72.00
1394901180, 72.00
1394901253, 72.00
1394901327, 72.00
1394901402, 72.00
1394901477, 72.00
1394901551, 72.00
1394901626, 72.00
1394901699, 72.00
1394901774, 72.00
1394901847, 72.00
1394901920, 72.00
1394901993, 72.00
1394902067, 72.00
1394902141, 72.00
1394902217, 72.00
1394902290, 72.00
1394902364, 72.00
1394902439, 72.00
1394902514, 72.00
1394902588, 72.00
1394902661, 72.00
1394902809, 72.00
1394902883, 72.00
1394902956, 72.00
1394903030, 72.00
1394903104, 72.00
1394903178, 72.00
1394903251, 72.00
1394903324, 72.00
1394903397, 72.00
1394903470, 72.00
1394903543, 72.00
1394903616, 72.00
1394903689, 72.00
1394903763, 72.00
1394903836, 72.00
1394903909, 72.00
1394903983, 72.00
1394904056, 72.00
1394904130, 72.00
1394904204, 72.00
1394904278, 72.00
1394904352, 72.00
1394904425, 72.00
1394904500, 72.00
1394904575, 72.00
1394904649, 72.00
1394904724, 72.00
1394904797, 72.00
1394904870, 72.00
1394904943, 72.00
1394905017, 72.00
1394905091, 72.00
1394905165, 72.00
1394905238, 72.00
1394905312, 72.00
1394905385, 72.00
1394905458, 72.00
1394905531, 72.00
1394905604, 72.00
1394905677, 72.00
1394905751, 72.00
1394905824, 72.00
1394905898, 72.00
1394905972, 72.00
1394906048, 72.00
1394906122, 72.00
1394906195, 72.00
1394906268, 72.00
1394906342, 72.00
1394906489, 72.00
1394906563, 72.00
1394906638, 72.00
1394906714, 72.00
1394906788, 72.00
1394906861, 72.00
1394906934, 72.00
1394907009, 72.00
1394907084, 72.00
1394907159, 72.00
1394907232, 72.00
1394907306, 72.00
1394907381, 72.00
1394907456, 72.00
1394907530, 72.00
1394907604, 72.00
1394907677, 72.00
1394907750, 72.00
1394907823, 72.00
1394907896, 72.00
1394907970, 72.00
1394908043, 72.00
1394908117, 72.00
1394908265, 72.00
1394908339, 72.00
1394908413, 72.00
1394908487, 72.00
1394908562, 72.00
1394908636, 72.00
1394908711, 72.00
1394908785, 72.00
1394908858, 72.00
1394908931, 72.00
1394909004, 72.00
1394909077, 72.00
1394909150, 72.00
1394909223, 72.00
1394909296, 72.00
1394909369, 72.00
1394909443, 72.00
1394909516, 72.00
1394909589, 72.00
1394909663, 72.00
1394909736, 72.00
1394909810, 72.00
1394909883, 72.00
1394909956, 72.00
1394910029, 72.00
1394910103, 72.00
1394910178, 72.00
1394910253, 72.00
1394910329, 72.00
1394910403, 72.00
1394910477, 72.00
1394910550, 72.00
1394910623, 72.00
1394910697, 72.00
1394910772, 72.00
1394910846, 72.00
1394910920, 72.00
1394910995, 72.00
1394911070, 72.00
1394911145, 72.00
1394911219, 72.00
1394911292, 72.00
1394911366, 72.00
1394911441, 72.00
1394911515, 72.00
1394911590, 72.00
1394911664, 72.00
1394911737, 72.00
1394911810, 72.00
1394911883, 72.00
1394911956, 72.00
1394912029, 72.00
1394912103, 72.00
1394912176, 72.00
1394912249, 72.00
1394912323, 72.00
1394912396, 72.00
1394912469, 72.00
1394912542, 72.00
1394912615, 72.00
1394912688, 72.00
1394912761, 72.00
1394912834, 72.00
1394912907, 72.00
1394912980, 72.00
1394913053, 72.00
1394913126, 72.00
1394913199, 72.00
1394913272, 72.00
1394913345, 72.00
1394913418, 72.00
1394913491, 72.00
1394913564, 72.00
1394913637, 72.00
1394913710, 72.00
1394913783, 72.00
1394913856, 72.00
1394913929, 72.00
1394914002, 72.00
1394914075, 72.00
1394914148, 72.00
1394914221, 72.00
1394914295, 72.00
1394914368, 72.00
1394914441, 72.00
1394914514, 72.00
1394914587, 72.00
1394914660, 72.00
1394914733, 72.00
1394914806, 72.00
1394914879, 72.00
1394914953, 72.00
1394915027, 72.00
1394915100, 72.00
1394915173, 72.00
1394915246, 72.00
1394915319, 72.00
1394915393, 72.00
1394915466, 72.00
1394915539, 72.00
1394915612, 72.00
1394915685, 72.00
1394915759, 72.00
1394915833, 72.00
1394915907, 72.00
1394915980, 72.00
1394916053, 72.00
1394916126, 72.00
1394916199, 72.00
1394916273, 72.00
1394916346, 72.00
1394916420, 72.00
1394916493, 72.00
1394916567, 72.00
1394916641, 72.00
1394916715, 72.00
1394916788, 72.00
1394916863, 72.00
1394916937, 72.00
1394917012, 72.00
1394917086, 72.00
1394917160, 72.00
1394917233, 72.00
1394917309, 72.00
1394917383, 72.00
1394917457, 72.00
1394917531, 72.00
1394917606, 72.00
1394917679, 72.00
1394917752, 72.00
1394917825, 72.00
1394917898, 72.00
1394917972, 72.00
1394918118, 72.00
1394918191, 72.00
1394918264, 72.00
1394918337, 72.00
1394918411, 72.00
1394918484, 72.00
1394918557, 72.00
1394918630, 72.00
1394918703, 72.00
1394918776, 72.00
1394918849, 72.00
1394918922, 72.00
1394918996, 72.00
1394919069, 72.00
1394919142, 72.00
1394919216, 72.00
1394919289, 72.00
1394919362, 72.00
1394919435, 72.00
1394919508, 72.00
1394919581, 72.00
1394919654, 72.00
1394919728, 72.00
1394919874, 72.00
1394920021, 72.00
1394920094, 72.00
1394920168, 72.00
1394920242, 72.00
1394920316, 72.00
1394920389, 72.00
1394920464, 72.00
1394920539, 72.00
1394920612, 72.00
1394920686, 72.00
1394920760, 72.00
1394920835, 72.00
1394920909, 72.00
1394920984, 72.00
1394921058, 72.00
1394921133, 72.00
1394921207, 72.00
1394921280, 72.00
1394921353, 72.00
1394921426, 72.00
1394921500, 72.00
1394921573, 72.00
1394921647, 72.00
1394921722, 72.00
1394921799, 72.00
1394921873, 72.00
1394921946, 72.00
1394922020, 72.00
1394922093, 72.00
1394922166, 72.00
1394922240, 72.00
1394922313, 72.00
1394922388, 72.00
1394922462, 72.00
1394922536, 72.00
1394922609, 72.00
1394922682, 72.00
1394922755, 72.00
1394922828, 72.00
1394922976, 72.00
1394923050, 72.00
1394923123, 72.00
1394923196, 72.00
1394923269, 72.00
1394923342, 72.00
1394923415, 72.00
1394923488, 72.00
1394923561, 72.00
1394923635, 72.00
1394923710, 72.00
1394923785, 72.00
1394923858, 72.00
1394923933, 72.00
1394924007, 72.00
1394924081, 72.00
1394924156, 72.00
1394924231, 72.00
1394924306, 72.00
1394924379, 72.00
1394924453, 72.00
1394924526, 72.00
1394924599, 72.00
1394924672, 72.00
1394924745, 72.00
1394924819, 72.00
1394924893, 72.00
1394924968, 72.00
1394925042, 72.00
1394925116, 72.00
1394925190, 72.00
1394925263, 72.00
1394925337, 72.00
1394925411, 72.00
1394925485, 72.00
1394925634, 72.00
1394925708, 72.00
1394925781, 72.00
1394925856, 72.00
1394925929, 72.00
1394926002, 72.00
1394926075, 72.00
1394926149, 72.00
1394926223, 72.00
1394926298, 72.00
1394926372, 72.00
1394926446, 72.00
1394926521, 72.00
1394926595, 72.00
1394926668, 72.00
1394926741, 72.00
1394926814, 72.00
1394926887, 72.00
1394926960, 72.00
1394927034, 72.00
1394927109, 72.00
1394927184, 72.00
1394927257, 72.00
1394927330, 72.00
1394927403, 72.00
1394927477, 72.00
1394927551, 72.00
1394927625, 72.00
1394927698, 72.00
1394927771, 72.00
1394927845, 72.00
1394927920, 72.00
1394927993, 72.00
1394928068, 72.00
1394928141, 72.00
1394928215, 72.00
1394928289, 72.00
1394928362, 72.00
1394928436, 72.00
1394928509, 72.00
1394928583, 72.00
1394928657, 72.00
1394928730, 72.00
1394928879, 72.00
1394928953, 72.00
1394929026, 72.00
1394929099, 72.00
1394929172, 72.00
1394929247, 72.00
1394929320, 72.00
1394929395, 72.00
1394929468, 72.00
1394929542, 72.00
1394929615, 72.00
1394929689, 72.00
1394929763, 72.00
1394929836, 72.00
1394929909, 72.00
1394929984, 72.00
1394930057, 72.00
1394930131, 72.00
1394930205, 72.00
1394930279, 72.00
1394930353, 72.00
1394930426, 72.00
1394930500, 72.00
1394930574, 72.00
1394930647, 72.00
1394930722, 72.00
1394930796, 72.00
1394930869, 72.00
1394930943, 72.00
1394931017, 72.00
1394931090, 72.00
1394931163, 72.00
1394931237, 72.00
1394931311, 72.00
1394931384, 72.00
1394931459, 72.00
1394931534, 72.00
1394931608, 72.00
1394931681, 72.00
1394931754, 72.00
1394931828, 72.00
1394931901, 72.00
1394931974, 72.00
1394932047, 72.00
1394932120, 72.00
1394932193, 72.00
1394932266, 72.00
1394932339, 72.00
1394932412, 72.00
1394932485, 72.00
1394932558, 72.00
1394932631, 72.00
1394932704, 72.00
1394932777, 72.00
1394932850, 72.00
1394932924, 72.00
1394932997, 72.00
1394933071, 72.00
1394933218, 72.00
1394933292, 72.00
1394933365, 72.00
1394933441, 72.00
1394933514, 72.00
1394933588, 72.00
1394933662, 72.00
1394933735, 72.00
1394933808, 72.00
1394933882, 72.00
1394933955, 72.00
1394934029, 72.00
1394934103, 72.00
1394934177, 72.00
1394934251, 72.00
1394934324, 72.00
1394934398, 72.00
1394934472, 72.00
1394934546, 72.00
1394934619, 72.00
1394934692, 72.00
1394934766, 72.00
1394934839, 72.00
1394934912, 72.00
1394934985, 72.00
1394935060, 72.00
1394935207, 72.00
1394935281, 72.00
1394935354, 72.00
1394935428, 72.00
1394935502, 72.00
1394935575, 72.00
1394935648, 72.00
1394935721, 72.00
1394935794, 72.00
1394935868, 72.00
1394935942, 72.00
1394936016, 72.00
1394936091, 72.00
1394936164, 72.00
1394936237, 72.00
1394936311, 72.00
1394936385, 72.00
1394936458, 72.00
1394936532, 72.00
1394936605, 72.00
1394936679, 72.00
1394936753, 72.00
1394936826, 72.00
1394936899, 72.00
1394936973, 72.00
1394937046, 72.00
1394937119, 72.00
1394937192, 72.00
1394937266, 72.00
1394937339, 72.00
1394937413, 72.00
1394937486, 72.00
1394937560, 72.00
1394937633, 72.00
1394937707, 72.00
1394937780, 72.00
1394937854, 72.00
1394937928, 72.00
1394938001, 72.00
1394938074, 72.00
1394938148, 72.00
1394938221, 72.00
1394938295, 72.00
1394938368, 72.00
1394938442, 72.00
1394938515, 72.00
1394938589, 72.00
1394938663, 72.00
1394938737, 72.00
1394938810, 72.00
1394938884, 72.00
1394938958, 72.00
1394939032, 72.00
1394939105, 72.00
1394939179, 72.00
1394939254, 72.00
1394939329, 72.00
1394939403, 72.00
1394939476, 72.00
1394939550, 72.00
1394939623, 72.00
1394939696, 72.00
1394939770, 72.00
1394939843, 72.00
1394939917, 72.00
1394939990, 72.00
1394940064, 72.00
1394940137, 72.00
1394940210, 72.00
1394940358, 72.00
1394940433, 72.00
1394940507, 72.00
1394940582, 72.00
1394940655, 72.00
1394940728, 72.00
1394940801, 72.00
1394940875, 72.00
1394940948, 72.00
1394941022, 72.00
1394941095, 72.00
1394941169, 72.00
1394941242, 72.00
1394941315, 72.00
1394941388, 72.00
1394941461, 72.00
1394941535, 72.00
1394941609, 72.00
1394941682, 72.00
1394941755, 72.00
1394941829, 72.00
1394941903, 72.00
1394941976, 72.00
1394942049, 72.00
1394942123, 72.00
1394942196, 72.00
1394942269, 72.00
1394942342, 72.00
1394942415, 72.00
1394942489, 72.00
1394942563, 72.00
1394942637, 72.00
1394942711, 72.00
1394942785, 72.00
1394942858, 72.00
1394942931, 72.00
1394943004, 72.00
1394943077, 72.00
1394943151, 72.00
1394943224, 72.00
1394943373, 72.00
1394943446, 72.00
1394943520, 72.00
1394943593, 72.00
1394943666, 72.00
1394943813, 72.00
1394943887, 72.00
1394943960, 72.00
1394944033, 72.00
1394944106, 72.00
1394944180, 72.00
1394944253, 72.00
1394944326, 72.00
1394944399, 72.00
1394944473, 72.00
1394944546, 72.00
1394944619, 72.00
1394944692, 72.00
1394944766, 72.00
1394944839, 72.00
1394944912, 72.00
1394944985, 72.00
1394945059, 72.00
1394945133, 72.00
1394945206, 72.00
1394945280, 72.00
1394945354, 72.00
1394945428, 72.00
1394945502, 72.00
1394945576, 72.00
1394945649, 72.00
1394945722, 72.00
1394945796, 72.00
1394945870, 72.00
1394945943, 72.00
1394946018, 72.00
1394946092, 72.00
1394946166, 72.00
1394946240, 72.00
1394946313, 72.00
1394946386, 72.00
1394946461, 72.00
1394946534, 72.00
1394946608, 72.00
1394946682, 72.00
1394946755, 72.00
1394946828, 72.00
1394946902, 72.00
1394946976, 72.00
1394947049, 72.00
1394947123, 72.00
1394947197, 72.00
1394947271, 72.00
1394947345, 72.00
1394947418, 72.00
1394947491, 72.00
1394947565, 72.00
1394947639, 72.00
1394947713, 72.00
1394947786, 72.00
1394947860, 72.00
1394947933, 72.00
1394948007, 72.00
1394948080, 72.00
1394948155, 72.00
1394948229, 72.00
1394948303, 72.00
1394948376, 72.00
1394948451, 72.00
1394948524, 72.00
1394948598, 72.00
1394948671, 72.00
1394948744, 72.00
1394948817, 72.00
1394948890, 72.00
1394948964, 72.00
1394949037, 72.00
1394949111, 72.00
1394949185, 72.00
1394949258, 72.00
1394949332, 72.00
1394949405, 72.00
1394949479, 72.00
1394949553, 72.00
1394949627, 72.00
1394949700, 72.00
1394949775, 72.00
1394949849, 72.00
1394949924, 72.00
1394949998, 72.00
1394950071, 72.00
1394950145, 72.00
1394950219, 72.00
1394950293, 72.00
1394950367, 72.00
1394950514, 72.00
1394950588, 72.00
1394950661, 72.00
1394950735, 72.00
1394950809, 72.00
1394950957, 72.00
1394951030, 72.00
1394951103, 72.00
1394951178, 72.00
1394951251, 72.00
1394951326, 72.00
1394951400, 72.00
1394951474, 72.00
1394951548, 72.00
1394951621, 72.00
1394951695, 72.00
1394951769, 72.00
1394951842, 72.00
1394951915, 72.00
1394951989, 72.00
1394952062, 72.00
1394952135, 72.00
1394952209, 72.00
1394952282, 72.00
1394952355, 72.00
1394952428, 72.00
1394952501, 72.00
1394952574, 72.00
1394952647, 72.00
1394952720, 72.00
1394952793, 72.00
1394952866, 72.00
1394952939, 72.00
1394953012, 72.00
1394953085, 72.00
1394953158, 72.00
1394953231, 72.00
1394953305, 72.00
1394953378, 72.00
1394953451, 72.00
1394953524, 72.00
1394953597, 72.00
1394953670, 72.00
1394953743, 72.00
1394953816, 72.00
1394953889, 72.00
1394954035, 72.00
1394954108, 72.00
1394954181, 72.00
1394954254, 72.00
1394954327, 72.00
1394954400, 72.00
1394954474, 72.00
1394954547, 72.00
1394954620, 72.00
1394954693, 72.00
1394954766, 72.00
1394954839, 72.00
1394954912, 72.00
1394955058, 72.00
1394955131, 72.00
1394955204, 72.00
1394955277, 72.00
1394955350, 72.00
1394955423, 72.00
1394955496, 72.00
1394955569, 72.00
1394955642, 72.00
1394955715, 72.00
1394955788, 72.00
1394955861, 72.00
1394955934, 72.00
1394956007, 72.00
1394956080, 72.00
1394956153, 72.00
1394956226, 72.00
1394956299, 72.00
1394956372, 72.00
1394956445, 72.00
1394956519, 72.00
1394956592, 72.00
1394956665, 72.00
1394956738, 72.00
1394956811, 72.00
1394956884, 72.00
1394956957, 72.00
1394957030, 72.00
1394957103, 72.00
1394957176, 72.00
1394957249, 72.00
1394957322, 72.00
1394957395, 72.00
1394957468, 72.00
1394957541, 72.00
1394957614, 72.00
1394957760, 72.00
1394957906, 72.00
1394957979, 72.00
1394958052, 72.00
1394958125, 72.00
1394958198, 72.00
1394958271, 72.00
1394958344, 72.00
1394958417, 72.00
1394958491, 72.00
1394958564, 72.00
1394958637, 72.00
1394958710, 72.00
1394958783, 72.00
1394958856, 72.00
1394958929, 72.00
1394959002, 72.00
1394959075, 72.00
1394959221, 72.00
1394959294, 72.00
1394959367, 72.00
1394959440, 72.00
1394959513, 72.00
1394959586, 72.00
1394959659, 72.00
1394959732, 72.00
1394959805, 72.00
1394959878, 72.00
1394959951, 72.00
1394960024, 72.00
1394960098, 72.00
1394960171, 72.00
1394960244, 72.00
1394960317, 72.00
1394960390, 72.00
1394960463, 72.00
1394960536, 72.00
1394960609, 72.00
1394960682, 72.00
1394960755, 72.00
1394960828, 72.00
1394960901, 72.00
1394960974, 72.00
1394961047, 72.00
1394961120, 72.00
1394961193, 72.00
1394961266, 72.00
1394961340, 72.00
1394961413, 72.00
1394961486, 72.00
1394961559, 72.00
1394961632, 72.00
1394961705, 72.00
1394961778, 72.00
1394961851, 72.00
1394961924, 72.00
1394961997, 72.00
1394962070, 72.00
1394962143, 72.00
1394962216, 72.00
1394962289, 72.00
1394962362, 72.00
1394962435, 72.00
1394962508, 72.00
1394962581, 72.00
1394962654, 72.00
1394962727, 72.00
1394962800, 72.00
1394962873, 72.00
1394962946, 72.00
1394963020, 72.00
1394963093, 72.00
1394963166, 72.00
1394963239, 72.00
1394963312, 72.00
1394963385, 72.00
1394963458, 72.00
1394963531, 72.00
1394963605, 72.00
1394963678, 72.00
1394963751, 72.00
1394963824, 72.00
1394963897, 72.00
1394963970, 72.00
1394964043, 72.00
1394964116, 72.00
1394964189, 72.00
1394964262, 72.00
1394964335, 72.00
1394964408, 72.00
1394964481, 72.00
1394964554, 72.00
1394964627, 72.00
1394964700, 72.00
1394964773, 72.00
1394964847, 72.00
1394964920, 72.00
1394964993, 72.00
1394965066, 72.00
1394965139, 72.00
1394965212, 72.00
1394965285, 72.00
1394965358, 72.00
1394965431, 72.00
1394965504, 72.00
1394965577, 72.00
1394965650, 72.00
1394965723, 72.00
1394965796, 72.00
1394965869, 72.00
1394965942, 72.00
1394966015, 72.00
1394966088, 72.00
1394966161, 72.00
1394966234, 72.00
1394966307, 72.00
1394966380, 72.00
1394966453, 72.00
1394966526, 72.00
1394966599, 72.00
1394966673, 72.00
1394966746, 72.00
1394966819, 72.00
1394966892, 72.00
1394966965, 72.00
1394967038, 72.00
1394967111, 72.00
1394967184, 72.00
1394967257, 72.00
1394967330, 72.00
1394967403, 72.00
1394967476, 72.00
1394967549, 72.00
1394967622, 72.00
1394967695, 72.00
1394967768, 72.00
1394967841, 72.00
1394967915, 72.00
1394967988, 72.00
1394968061, 72.00
1394968134, 72.00
1394968207, 72.00
1394968280, 72.00
1394968353, 72.00
1394968426, 72.00
1394968499, 72.00
1394968572, 72.00
1394968645, 72.00
1394968718, 72.00
1394968791, 72.00
1394968864, 72.00
1394969010, 72.00
1394969083, 72.00
1394969156, 72.00
1394969229, 72.00
1394969302, 72.00
1394969375, 72.00
1394969448, 72.00
1394969521, 72.00
1394969594, 72.00
1394969668, 72.00
1394969741, 72.00
1394969814, 72.00
1394969887, 72.00
1394969960, 72.00
1394970033, 72.00
1394970106, 72.00
1394970179, 72.00
1394970252, 72.00
1394970325, 72.00
1394970398, 72.00
1394970617, 72.00
1394970690, 72.00
1394970763, 72.00
1394970836, 72.00
1394970909, 72.00
1394970982, 72.00
1394971055, 72.00
1394971128, 72.00
1394971201, 72.00
1394971275, 72.00
1394971348, 72.00
1394971421, 72.00
1394971494, 72.00
1394971567, 72.00
1394971713, 72.00
1394971786, 72.00
1394971859, 72.00
1394971932, 72.00
1394972005, 72.00
1394972078, 72.00
1394972151, 72.00
1394972224, 72.00
1394972297, 72.00
1394972370, 72.00
1394972443, 72.00
1394972516, 72.00
1394972590, 72.00
1394972663, 72.00
1394972736, 72.00
1394972809, 72.00
1394972882, 72.00
1394972955, 72.00
1394973028, 72.00
1394973101, 72.00
1394973174, 72.00
1394973247, 72.00
1394973320, 72.00
1394973393, 72.00
1394973466, 72.00
1394973612, 72.00
1394973685, 72.00
1394973758, 72.00
1394973831, 72.00
1394973904, 72.00
1394973977, 72.00
1394974050, 72.00
1394974123, 72.00
1394974196, 72.00
1394974270, 72.00
1394974343, 72.00
1394974416, 72.00
1394974489, 72.00
1394974562, 72.00
1394974635, 72.00
1394974708, 72.00
1394974781, 72.00
1394974854, 72.00
1394974927, 72.00
1394975000, 72.00
1394975073, 72.00
1394975146, 72.00
1394975219, 72.00
1394975292, 72.00
1394975365, 72.00
1394975438, 72.00
1394975511, 72.00
1394975584, 72.00
1394975657, 72.00
1394975730, 72.00
1394975803, 72.00
1394975876, 72.00
1394975949, 72.00
1394976023, 72.00
1394976096, 72.00
1394976169, 72.00
1394976242, 72.00
1394976315, 72.00
1394976388, 72.00
1394976461, 72.00
1394976534, 72.00
1394976607, 72.00
1394976680, 72.00
1394976753, 72.00
1394976826, 72.00
1394976899, 72.00
1394976972, 72.00
1394977045, 72.00
1394977119, 72.00
1394977193, 72.00
1394977266, 72.00
1394977339, 72.00
1394977412, 72.00
1394977485, 72.00
1394977558, 72.00
1394977631, 72.00
1394977705, 72.00
1394977778, 72.00
1394977851, 72.00
1394977924, 72.00
1394977997, 72.00
1394978070, 72.00
1394978143, 72.00
1394978216, 72.00
1394978289, 72.00
1394978435, 72.00
1394978508, 72.00
1394978581, 72.00
1394978655, 72.00
1394978728, 72.00
1394978801, 72.00
1394978874, 72.00
1394978947, 72.00
1394979020, 72.00
1394979093, 72.00
1394979166, 72.00
1394979240, 72.00
1394979313, 72.00
1394979386, 72.00
1394979459, 72.00
1394979532, 72.00
1394979678, 72.00
1394979752, 72.00
1394979825, 72.00
1394979898, 72.00
1394979971, 72.00
1394980044, 72.00
1394980117, 72.00
1394980190, 72.00
1394980264, 72.00
1394980337, 72.00
1394980410, 72.00
1394980483, 72.00
1394980556, 72.00
1394980629, 72.00
1394980702, 72.00
1394980776, 72.00
1394980849, 72.00
1394980922, 72.00
1394980996, 72.00
1394981069, 72.00
1394981142, 72.00
1394981215, 72.00
1394981288, 72.00
1394981361, 72.00
1394981435, 72.00
1394981508, 72.00
1394981581, 72.00
1394981654, 72.00
1394981728, 72.00
1394981801, 72.00
1394981874, 72.00
1394981947, 72.00
1394982021, 72.00
1394982094, 72.00
1394982240, 72.00
1394982313, 72.00
1394982386, 72.00
1394982459, 72.00
1394982532, 72.00
1394982606, 72.00
1394982679, 72.00
1394982752, 72.00
1394982826, 72.00
1394982899, 72.00
1394982972, 72.00
1394983045, 72.00
1394983118, 72.00
1394983191, 72.00
1394983264, 72.00
1394983410, 72.00
1394983483, 72.00
1394983556, 72.00
1394983629, 72.00
1394983702, 72.00
1394983775, 72.00
1394983848, 72.00
1394983922, 72.00
1394983995, 72.00
1394984068, 72.00
1394984141, 72.00
1394984214, 72.00
1394984287, 72.00
1394984360, 72.00
1394984433, 72.00
1394984506, 72.00
1394984579, 72.00
1394984652, 72.00
1394984725, 72.00
1394984798, 72.00
1394984871, 72.00
1394984944, 72.00
1394985017, 72.00
1394985090, 72.00
1394985163, 72.00
1394985236, 72.00
1394985310, 72.00
1394985383, 72.00
1394985456, 72.00
1394985529, 72.00
1394985602, 72.00
1394985676, 72.00
1394985749, 72.00
1394985822, 72.00
1394985895, 72.00
1394985968, 72.00
1394986041, 72.00
1394986114, 72.00
1394986187, 72.00
1394986260, 72.00
1394986333, 72.00
1394986479, 72.00
1394986552, 72.00
1394986625, 72.00
1394986699, 72.00
1394986772, 72.00
1394986845, 72.00
1394986918, 72.00
1394987064, 72.00
1394987137, 72.00
1394987211, 72.00
1394987284, 72.00
1394987357, 72.00
1394987431, 72.00
1394987504, 72.00
1394987577, 72.00
1394987650, 72.00
1394987724, 72.00
1394987797, 72.00
1394987943, 72.00
1394988016, 72.00
1394988089, 72.00
1394988162, 72.00
1394988235, 72.00
1394988309, 72.00
1394988382, 72.00
1394988528, 72.00
1394988601, 72.00
1394988674, 72.00
1394988747, 72.00
1394988820, 72.00
1394988894, 72.00
1394988967, 72.00
1394989040, 72.00
1394989113, 72.00
1394989187, 72.00
1394989260, 72.00
1394989333, 72.00
1394989407, 72.00
1394989480, 72.00
1394989553, 72.00
1394989626, 72.00
1394989699, 72.00
1394989773, 72.00
1394989846, 72.00
1394989919, 72.00
1394989992, 72.00
1394990065, 72.00
1394990138, 72.00
1394990211, 72.00
1394990284, 72.00
1394990357, 72.00
1394990430, 72.00
1394990503, 72.00
1394990576, 72.00
1394990649, 72.00
1394990723, 72.00
1394990796, 72.00
1394990869, 72.00
1394990942, 72.00
1394991088, 72.00
1394991161, 72.00
1394991234, 72.00
1394991307, 72.00
1394991380, 72.00
1394991453, 72.00
1394991526, 72.00
1394991599, 72.00
1394991673, 72.00
1394991746, 72.00
1394991819, 72.00
1394991892, 72.00
1394991965, 72.00
1394992038, 72.00
1394992111, 72.00
1394992184, 72.00
1394992257, 72.00
1394992331, 72.00
1394992404, 72.00
1394992477, 72.00
1394992550, 72.00
1394992623, 72.00
1394992697, 72.00
1394992770, 72.00
1394992989, 72.00
1394993062, 72.00
1394993135, 72.00
1394993209, 72.00
1394993355, 72.00
1394993428, 72.00
1394993501, 72.00
1394993574, 72.00
1394993647, 72.00
1394993720, 72.00
1394993794, 72.00
1394993867, 72.00
1394993940, 72.00
1394994013, 72.00
1394994086, 72.00
1394994159, 72.00
1394994232, 72.00
1394994305, 72.00
1394994378, 72.00
1394994451, 72.00
1394994524, 72.00
1394994597, 72.00
1394994670, 72.00
1394994743, 72.00
1394994816, 72.00
1394994889, 72.00
1394994962, 72.00
1394995035, 72.00
1394995108, 72.00
1394995182, 72.00
1394995255, 72.00
1394995328, 72.00
1394995401, 72.00
1394995474, 72.00
1394995547, 72.00
1394995620, 72.00
1394995693, 72.00
1394995766, 72.00
1394995839, 72.00
1394995913, 72.00
1394995986, 72.00
1394996059, 72.00
1394996132, 72.00
1394996205, 72.00
1394996278, 72.00
1394996351, 72.00
1394996424, 72.00
1394996497, 72.00
1394996570, 72.00
1394996643, 72.00
1394996716, 72.00
1394996789, 72.00
1394996863, 72.00
1394996936, 72.00
1394997009, 72.00
1394997082, 72.00
1394997155, 72.00
1394997447, 72.00
1394997520, 72.00
1394997593, 72.00
1394997666, 72.00
1394997739, 72.00
1394997812, 72.00
1394997885, 72.00
1394997958, 72.00
1394998031, 72.00
1394998105, 72.00
1394998178, 72.00
1394998251, 72.00
1394998324, 72.00
1394998397, 72.00
1394998470, 72.00
1394998543, 72.00
1394998616, 72.00
1394998689, 72.00
1394998762, 72.00
1394998835, 72.00
1394998908, 72.00
1394998981, 72.00
1394999054, 72.00
1394999127, 72.00
1394999273, 72.00
1394999346, 72.00
1394999419, 72.00
1394999492, 72.00
1394999565, 72.00
1394999638, 72.00
1394999711, 72.00
1394999784, 72.00
1394999857, 72.00
1394999930, 72.00
1395000004, 72.00
1395000077, 72.00
1395000150, 72.00
1395000223, 72.00
1395000296, 72.00
1395000369, 72.00
1395000442, 72.00
1395000515, 72.00
1395000588, 72.00
1395000661, 72.00
1395000734, 72.00
1395000807, 72.00
1395000880, 72.00
1395000953, 72.00
1395001026, 72.00
1395001099, 72.00
1395001172, 72.00
1395001245, 72.00
1395001318, 72.00
1395001391, 72.00
1395001464, 72.00
1395001537, 72.00
1395001610, 72.00
1395001683, 72.00
1395001756, 72.00
1395001830, 72.00
1395001903, 72.00
1395001976, 72.00
1395002049, 72.00
1395002122, 72.00
1395002195, 72.00
1395002268, 72.00
1395002341, 72.00
1395002414, 72.00
1395002487, 72.00
1395002560, 72.00
1395002633, 72.00
1395002779, 72.00
1395002852, 72.00
1395002925, 72.00
1395002998, 72.00
1395003071, 72.00
1395003144, 72.00
1395003217, 72.00
1395003290, 72.00
1395003363, 72.00
1395003436, 72.00
1395003509, 72.00
1395003582, 72.00
1395003655, 72.00
1395003728, 72.00
1395003802, 72.00
1395003875, 72.00
1395003948, 72.00
1395004021, 72.00
1395004094, 72.00
1395004167, 72.00
1395004240, 72.00
1395004313, 72.00
1395004386, 72.00
1395004459, 72.00
1395004532, 72.00
1395004605, 72.00
1395004678, 72.00
1395004751, 72.00
1395004824, 72.00
1395004897, 72.00
1395004970, 72.00
1395005043, 72.00
1395005116, 72.00
1395005189, 72.00
1395005262, 72.00
1395005335, 72.00
1395005409, 72.00
1395005482, 72.00
1395005555, 72.00
1395005628, 72.00
1395005701, 72.00
1395005774, 72.00
1395005847, 72.00
1395005920, 72.00
1395005993, 72.00
1395006139, 72.00
1395006212, 72.00
1395006285, 72.00
1395006358, 72.00
1395006431, 72.00
1395006504, 72.00
1395006577, 72.00
1395006650, 72.00
1395006724, 72.00
1395006797, 72.00
1395006870, 72.00
1395006943, 72.00
1395007016, 72.00
1395007162, 72.00
1395007235, 72.00
1395007308, 72.00
1395007381, 72.00
1395007454, 72.00
1395007527, 72.00
1395007600, 72.00
1395007673, 72.00
1395007746, 72.00
1395007819, 72.00
1395007892, 72.00
1395007965, 72.00
1395008038, 72.00
1395008111, 72.00
1395008184, 72.00
1395008257, 72.00
1395008330, 72.00
1395008404, 72.00
1395008477, 72.00
1395008550, 72.00
1395008623, 72.00
1395008696, 72.00
1395008769, 72.00
1395008842, 72.00
1395008915, 72.00
1395008988, 72.00
1395009061, 72.00
1395009134, 72.00
1395009207, 72.00
1395009280, 72.00
1395009354, 72.00
1395009427, 72.00
1395009500, 72.00
1395009573, 72.00
1395009646, 72.00
1395009719, 72.00
1395009792, 72.00
1395009865, 72.00
1395009938, 72.00
1395010012, 72.00
1395010085, 72.00
1395010158, 72.00
1395010231, 72.00
1395010304, 72.00
1395010377, 72.00
1395010450, 72.00
1395010523, 72.00
1395010596, 72.00
1395010669, 72.00
1395010742, 72.00
1395010815, 72.00
1395010888, 72.00
1395010961, 72.00
1395011034, 72.00
1395011107, 72.00
1395011181, 72.00
1395011254, 72.00
1395011327, 72.00
1395011400, 72.00
1395011473, 72.00
1395011546, 72.00
1395011619, 72.00
1395011692, 72.00
1395011765, 72.00
1395011838, 72.00
1395011912, 72.00
1395011985, 72.00
1395012058, 72.00
1395012131, 72.00
1395012204, 72.00
1395012277, 72.00
1395012496, 72.00
1395012569, 72.00
1395012642, 72.00
1395012715, 72.00
1395012788, 72.00
1395012861, 72.00
1395012935, 72.00
1395013008, 72.00
1395013081, 72.00
1395013154, 72.00
1395013227, 72.00
1395013300, 72.00
1395013373, 72.00
1395013446, 72.00
1395013519, 72.00
1395013592, 72.00
1395013665, 72.00
1395013738, 72.00
1395013811, 72.00
1395013884, 72.00
1395013957, 72.00
1395014030, 72.00
1395014103, 72.00
1395014177, 72.00
1395014250, 72.00
1395014469, 72.00
1395014542, 72.00
1395014615, 72.00
1395014688, 72.00
1395014761, 72.00
1395014834, 72.00
1395014907, 72.00
1395014980, 72.00
1395015053, 72.00
1395015126, 72.00
1395015199, 72.00
1395015272, 72.00
1395015345, 72.00
1395015418, 72.00
1395015491, 72.00
1395015565, 72.00
1395015638, 72.00
1395015711, 72.00
1395015784, 72.00
1395015857, 72.00
1395015930, 72.00
1395016003, 72.00
1395016076, 72.00
1395016295, 72.00
1395016368, 72.00
1395016441, 72.00
1395016514, 72.00
1395016588, 72.00
1395016661, 72.00
1395016807, 72.00
1395016881, 72.00
1395016954, 72.00
1395017027, 72.00
1395017100, 72.00
1395017173, 72.00
1395017246, 72.00
1395017319, 72.00
1395017392, 72.00
1395017466, 72.00
1395017539, 72.00
1395017612, 72.00
1395017685, 72.00
1395017758, 72.00
1395017831, 72.00
1395017905, 72.00
1395017978, 72.00
1395018051, 72.00
1395018124, 72.00
1395018197, 72.00
1395018271, 72.00
1395018344, 72.00
1395018417, 72.00
1395018563, 72.00
1395018636, 72.00
1395018710, 72.00
1395018783, 72.00
1395018857, 72.00
1395018930, 72.00
1395019004, 72.00
1395019078, 72.00
1395019151, 72.00
1395019225, 72.00
1395019298, 72.00
1395019372, 72.00
1395019445, 72.00
1395019518, 72.00
1395019592, 72.00
1395019665, 72.00
1395019738, 72.00
1395019811, 72.00
1395019884, 72.00
1395019957, 72.00
1395020030, 72.00
1395020103, 72.00
1395020177, 72.00
1395020250, 72.00
1395020323, 72.00
1395020396, 72.00
1395020469, 72.00
1395020542, 72.00
1395020615, 72.00
1395020688, 72.00
1395020762, 72.00
1395020835, 72.00
1395020981, 72.00
1395021054, 72.00
1395021128, 72.00
1395021201, 72.00
1395021274, 72.00
1395021348, 72.00
1395021421, 72.00
1395021494, 72.00
1395021567, 72.00
1395021640, 72.00
1395021714, 72.00
1395021787, 72.00
1395021933, 72.00
1395022006, 72.00
1395022079, 72.00
1395022153, 72.00
1395022226, 72.00
1395022299, 72.00
1395022372, 72.00
1395022445, 72.00
1395022518, 72.00
1395022591, 72.00
1395022664, 72.00
1395022737, 72.00
1395022811, 72.00
1395022884, 72.00
1395022957, 72.00
1395023030, 72.00
1395023104, 72.00
1395023177, 72.00
1395023250, 72.00
1395023323, 72.00
1395023396, 72.00
1395023469, 72.00
1395023543, 72.00
1395023616, 72.00
1395023690, 72.00
1395023763, 72.00
1395023836, 72.00
1395023910, 72.00
1395023983, 72.00
1395024056, 72.00
1395024129, 72.00
1395024203, 72.00
1395024349, 72.00
1395024422, 72.00
1395024495, 72.00
1395024568, 72.00
1395024641, 72.00
1395024714, 72.00
1395024787, 72.00
1395024860, 72.00
1395024934, 72.00
1395025007, 72.00
1395025080, 72.00
1395025153, 72.00
1395025226, 72.00
1395025299, 72.00
1395025372, 72.00
1395025445, 72.00
1395025518, 72.00
1395025591, 72.00
1395025664, 72.00
1395025737, 72.00
1395025810, 72.00
1395025883, 72.00
1395025956, 72.00
1395026029, 72.00
1395026102, 72.00
1395026175, 72.00
1395026248, 72.00
1395026321, 72.00
1395026394, 72.00
1395026468, 72.00
1395026541, 72.00
1395026614, 72.00
1395026687, 72.00
1395026833, 72.00
1395026906, 72.00
1395026979, 72.00
1395027052, 72.00
1395027125, 72.00
1395027198, 72.00
1395027271, 72.00
1395027344, 72.00
1395027417, 72.00
1395027490, 72.00
1395027563, 72.00
1395027636, 72.00
1395027710, 72.00
1395027783, 72.00
1395027856, 72.00
1395027929, 72.00
1395028002, 72.00
1395028075, 72.00
1395028148, 72.00
1395028221, 72.00
1395028294, 72.00
1395028367, 72.00
1395028440, 72.00
1395028513, 72.00
1395028586, 72.00
1395028659, 72.00
1395028732, 72.00
1395028806, 72.00
1395028879, 72.00
1395028952, 72.00
1395029025, 72.00
1395029098, 72.00
1395029172, 72.00
1395029245, 72.00
1395029318, 72.00
1395029391, 72.00
1395029464, 72.00
1395029537, 72.00
1395029610, 72.00
1395029756, 72.00
1395029829, 72.00
1395029902, 72.00
1395029975, 72.00
1395030048, 72.00
1395030121, 72.00
1395030194, 72.00
1395030267, 72.00
1395030340, 72.00
1395030414, 72.00
1395030487, 72.00
1395030560, 72.00
1395030634, 72.00
1395030707, 72.00
1395030780, 72.00
1395030853, 72.00
1395030926, 72.00
1395031072, 72.00
1395031145, 72.00
1395031219, 72.00
1395031292, 72.00
1395031365, 72.00
1395031438, 72.00
1395031511, 72.00
1395031584, 72.00
1395031657, 72.00
1395031730, 72.00
1395031803, 72.00
1395031876, 72.00
1395031949, 72.00
1395032022, 72.00
1395032095, 72.00
1395032168, 72.00
1395032241, 72.00
1395032315, 72.00
1395032388, 72.00
1395032461, 72.00
1395032534, 72.00
1395032607, 72.00
1395032753, 72.00
1395032826, 72.00
1395032899, 72.00
1395032972, 72.00
1395033045, 72.00
1395033118, 72.00
1395033191, 72.00
1395033264, 72.00
1395033337, 72.00
1395033410, 72.00
1395033484, 72.00
1395033703, 72.00
1395033776, 72.00
1395033849, 72.00
1395033922, 72.00
1395033995, 72.00
1395034069, 72.00
1395034142, 72.00
1395034215, 72.00
1395034288, 72.00
1395034361, 72.00
1395034434, 72.00
1395034653, 72.00
1395034726, 72.00
1395034799, 72.00
1395034872, 72.00
1395034945, 72.00
1395035018, 72.00
1395035091, 72.00
1395035164, 72.00
1395035237, 72.00
1395035310, 72.00
1395035383, 72.00
1395035457, 72.00
1395035530, 72.00
1395035603, 72.00
1395035676, 72.00
1395035749, 72.00
1395035822, 72.00
1395035895, 72.00
1395035968, 72.00
1395036041, 72.00
1395036114, 72.00
1395036187, 72.00
1395036260, 72.00
1395036333, 72.00
1395036406, 72.00
1395036479, 72.00
1395036553, 72.00
1395036626, 72.00
1395036699, 72.00
1395036772, 72.00
1395036845, 72.00
1395036918, 72.00
1395036991, 72.00
1395037064, 72.00
1395037137, 72.00
1395037210, 72.00
1395037283, 72.00
1395037356, 72.00
1395037429, 72.00
1395037502, 72.00
1395037575, 72.00
1395037648, 72.00
1395037721, 72.00
1395037794, 72.00
1395037867, 72.00
1395037940, 72.00
1395038013, 72.00
1395038086, 72.00
1395038159, 72.00
1395038232, 72.00
1395038305, 72.00
1395038379, 72.00
1395038452, 72.00
1395038525, 72.00
1395038599, 72.00
1395038672, 72.00
1395038745, 72.00
1395038818, 72.00
1395038891, 72.00
1395038964, 72.00
1395039037, 72.00
1395039110, 72.00
1395039256, 72.00
1395039329, 72.00
1395039402, 72.00
1395039475, 72.00
1395039548, 72.00
1395039621, 72.00
1395039694, 72.00
1395039767, 72.00
1395039840, 72.00
1395039913, 72.00
1395039987, 72.00
1395040060, 72.00
1395040133, 72.00
1395040206, 72.00
1395040279, 72.00
1395040352, 72.00
1395040425, 72.00
1395040498, 72.00
1395040571, 72.00
1395040644, 72.00
1395040717, 72.00
1395040790, 72.00
1395040863, 72.00
1395040936, 72.00
1395041009, 72.00
1395041082, 72.00
1395041155, 72.00
1395041228, 72.00
1395041301, 72.00
1395041374, 72.00
1395041447, 72.00
1395041521, 72.00
1395041594, 72.00
1395041667, 72.00
1395041740, 72.00
1395041813, 72.00
1395041886, 72.00
1395041959, 72.00
1395042032, 72.00
1395042105, 72.00
1395042178, 72.00
1395042251, 72.00
1395042324, 72.00
1395042470, 72.00
1395042543, 72.00
1395042616, 72.00
1395042689, 72.00
1395042762, 72.00
1395042835, 72.00
1395042908, 72.00
1395042981, 72.00
1395043054, 72.00
1395043127, 72.00
1395043200, 72.00
1395043273, 72.00
1395043346, 72.00
1395043420, 72.00
1395043493, 72.00
1395043566, 72.00
1395043639, 72.00
1395043712, 72.00
1395043785, 72.00
1395043858, 72.00
1395043931, 72.00
1395044004, 72.00
1395044077, 72.00
1395044150, 72.00
1395044223, 72.00
1395044296, 72.00
1395044369, 72.00
1395044442, 72.00
1395044515, 72.00
1395044588, 72.00
1395044661, 72.00
1395044735, 72.00
1395044808, 72.00
1395044881, 72.00
1395044954, 72.00
1395045027, 72.00
1395045100, 72.00
1395045173, 72.00
1395045319, 72.00
1395045392, 72.00
1395045465, 72.00
1395045538, 72.00
1395045611, 72.00
1395045684, 72.00
1395045757, 72.00
1395045830, 72.00
1395045903, 72.00
1395045976, 72.00
1395046049, 72.00
1395046122, 72.00
1395046196, 72.00
1395046269, 72.00
1395046342, 72.00
1395046415, 72.00
1395046488, 72.00
1395046561, 72.00
1395046634, 72.00
1395046707, 72.00
1395046780, 72.00
1395046853, 72.00
1395046926, 72.00
1395046999, 72.00
1395047072, 72.00
1395047145, 72.00
1395047219, 72.00
1395047292, 72.00
1395047365, 72.00
1395047438, 72.00
1395047657, 72.00
1395047730, 72.00
1395047803, 72.00
1395047876, 72.00
1395047949, 72.00
1395048022, 72.00
1395048095, 72.00
1395048168, 72.00
1395048242, 72.00
1395048315, 72.00
1395048388, 72.00
1395048461, 72.00
1395048534, 72.00
1395048753, 72.00
1395048826, 72.00
1395048899, 72.00
1395048972, 72.00
1395049045, 72.00
1395049118, 72.00
1395049191, 72.00
1395049264, 72.00
1395049337, 72.00
1395049411, 72.00
1395049484, 72.00
1395049703, 72.00
1395049776, 72.00
1395049849, 72.00
1395049922, 72.00
1395049996, 72.00
1395050069, 72.00
1395050142, 72.00
1395050215, 72.00
1395050361, 72.00
1395050434, 72.00
1395050507, 72.00
1395050580, 72.00
1395050653, 72.00
1395050726, 72.00
1395050799, 72.00
1395050872, 72.00
1395050945, 72.00
1395051018, 72.00
1395051092, 72.00
1395051165, 72.00
1395051238, 72.00
1395051311, 72.00
1395051384, 72.00
1395051457, 72.00
1395051530, 72.00
1395051603, 72.00
1395051676, 72.00
1395051822, 72.00
1395051895, 72.00
1395051968, 72.00
1395052041, 72.00
1395052114, 72.00
1395052187, 72.00
1395052260, 72.00
1395052333, 72.00
1395052406, 72.00
1395052479, 72.00
1395052552, 72.00
1395052626, 72.00
1395052699, 72.00
1395052772, 72.00
1395052845, 72.00
1395052918, 72.00
1395052991, 72.00
1395053064, 72.00
1395053137, 72.00
1395053210, 72.00
1395053283, 72.00
1395053356, 72.00
1395053429, 72.00
1395053502, 72.00
1395053575, 72.00
1395053648, 72.00
1395053721, 72.00
1395053794, 72.00
1395053867, 72.00
1395053941, 72.00
1395054014, 72.00
1395054087, 72.00
1395054160, 72.00
1395054233, 72.00
1395054306, 72.00
1395054379, 72.00
1395054452, 72.00
1395054525, 72.00
1395054598, 72.00
1395054671, 72.00
1395054744, 72.00
1395054817, 72.00
1395054890, 72.00
1395054963, 72.00
1395055036, 72.00
1395055109, 72.00
1395055182, 72.00
1395055255, 72.00
1395055328, 72.00
1395055401, 72.00
1395055475, 72.00
1395055548, 72.00
1395055621, 72.00
1395055694, 72.00
1395055767, 72.00
1395055840, 72.00
1395055913, 72.00
1395055986, 72.00
1395056059, 72.00
1395056132, 72.00
1395056205, 72.00
1395056278, 72.00
1395056351, 72.00
1395056424, 72.00
1395056497, 72.00
1395056570, 72.00
1395056643, 72.00
1395056716, 72.00
1395056789, 72.00
1395056862, 72.00
1395056935, 72.00
1395057008, 72.00
1395057081, 72.00
1395057154, 72.00
1395057227, 72.00
1395057300, 72.00
1395057374, 72.00
1395057447, 72.00
1395057520, 72.00
1395057593, 72.00
1395057666, 72.00
1395057739, 72.00
1395057812, 72.00
1395057885, 72.00
1395057958, 72.00
1395058104, 72.00
1395058250, 72.00
1395058323, 72.00
1395058396, 72.00
1395058469, 72.00
1395058542, 72.00
1395058615, 72.00
1395058688, 72.00
1395058761, 72.00
1395058834, 72.00
1395058907, 72.00
1395058980, 72.00
1395059053, 72.00
1395059126, 72.00
1395059200, 72.00
1395059273, 72.00
1395059346, 72.00
1395059419, 72.00
1395059492, 72.00
1395059565, 72.00
1395059638, 72.00
1395059711, 72.00
1395059784, 72.00
1395059857, 72.00
1395059930, 72.00
1395060003, 72.00
1395060076, 72.00
1395060149, 72.00
1395060222, 72.00
1395060295, 72.00
1395060368, 72.00
1395060441, 72.00
1395060514, 72.00
1395060588, 72.00
1395060661, 72.00
1395060734, 72.00
1395060807, 72.00
1395060880, 72.00
1395060953, 72.00
1395061026, 72.00
1395061099, 72.00
1395061172, 72.00
1395061245, 72.00
1395061318, 72.00
1395061391, 72.00
1395061464, 72.00
1395061537, 72.00
1395061610, 72.00
1395061683, 72.00
1395061756, 72.00
1395061829, 72.00
1395061902, 72.00
1395061975, 72.00
1395062048, 72.00
1395062121, 72.00
1395062195, 72.00
1395062341, 72.00
1395062414, 72.00
1395062487, 72.00
1395062560, 72.00
1395062633, 72.00
1395062706, 72.00
1395062779, 72.00
1395062852, 72.00
1395062925, 72.00
1395062998, 72.00
1395063071, 72.00
1395063144, 72.00
1395063218, 72.00
1395063291, 72.00
1395063364, 72.00
1395063437, 72.00
1395063510, 72.00
1395063583, 72.00
1395063656, 72.00
1395063729, 72.00
1395063802, 72.00
1395063875, 72.00
1395063948, 72.00
1395064021, 72.00
1395064094, 72.00
1395064170, 72.00
1395064247, 72.00
1395064320, 72.00
1395064393, 72.00
1395064466, 72.00
1395064539, 72.00
1395064612, 72.00
1395064685, 72.00
1395064758, 72.00
1395064831, 72.00
1395064904, 72.00
1395064977, 72.00
1395065123, 72.00
1395065196, 72.00
1395065269, 72.00
1395065342, 72.00
1395065415, 72.00
1395065488, 72.00
1395065561, 72.00
1395065634, 72.00
1395065707, 72.00
1395065780, 72.00
1395065853, 72.00
1395065926, 72.00
1395065999, 72.00
1395066072, 72.00
1395066145, 72.00
1395066218, 72.00
1395066292, 72.00
1395066365, 72.00
1395066438, 72.00
1395066511, 72.00
1395066584, 72.00
1395066657, 72.00
1395066730, 72.00
1395066803, 72.00
1395066877, 72.00
1395066950, 72.00
1395067023, 72.00
1395067096, 72.00
1395067242, 72.00
1395067315, 72.00
1395067388, 72.00
1395067461, 72.00
1395067535, 72.00
1395067608, 72.00
1395067681, 72.00
1395067754, 72.00
1395067827, 72.00
1395067900, 72.00
1395067973, 72.00
1395068046, 72.00
1395068119, 72.00
1395068192, 72.00
1395068265, 72.00
1395068338, 72.00
1395068411, 72.00
1395068484, 72.00
1395068630, 72.00
1395068703, 72.00
1395068776, 72.00
1395068849, 72.00
1395068922, 72.00
1395068995, 72.00
1395069068, 72.00
1395069141, 72.00
1395069214, 72.00
1395069287, 72.00
1395069360, 72.00
1395069434, 72.00
1395069507, 72.00
1395069580, 72.00
1395069653, 72.00
1395069726, 72.00
1395069799, 72.00
1395069872, 72.00
1395069945, 72.00
1395070018, 72.00
1395070091, 72.00
1395070164, 72.00
1395070237, 72.00
1395070310, 72.00
1395070383, 72.00
1395070456, 72.00
1395070529, 72.00
1395070603, 72.00
1395070676, 72.00
1395070749, 72.00
1395070822, 72.00
1395070895, 72.00
1395070968, 72.00
1395071041, 72.00
1395071114, 72.00
1395071188, 72.00
1395071261, 72.00
1395071334, 72.00
1395071407, 72.00
1395071480, 72.00
1395071553, 72.00
1395071626, 72.00
1395071699, 72.00
1395071772, 72.00
1395071845, 72.00
1395071918, 72.00
1395071991, 72.00
1395072064, 72.00
1395072137, 72.00
1395072210, 72.00
1395072283, 72.00
1395072356, 72.00
1395072429, 72.00
1395072502, 72.00
1395072575, 72.00
1395072649, 72.00
1395072722, 72.00
1395072795, 72.00
1395072869, 72.00
1395072942, 72.00
1395073015, 72.00
1395073089, 72.00
1395073162, 72.00
1395073235, 72.00
1395073309, 72.00
1395073382, 72.00
1395073455, 72.00
1395073528, 72.00
1395073602, 72.00
1395073675, 72.00
1395073748, 72.00
1395073821, 72.00
1395073895, 72.00
1395073968, 72.00
1395074041, 72.00
1395074114, 72.00
1395074188, 72.00
1395074261, 72.00
1395074408, 72.00
1395074481, 72.00
1395074554, 72.00
1395074628, 72.00
1395074701, 72.00
1395074774, 72.00
1395074848, 72.00
1395074921, 72.00
1395074994, 72.00
1395075067, 72.00
1395075141, 72.00
1395075215, 72.00
1395075288, 72.00
1395075361, 72.00
1395075434, 72.00
1395075507, 72.00
1395075580, 72.00
1395075653, 72.00
1395075726, 72.00
1395075799, 72.00
1395075872, 72.00
1395076018, 72.00
1395076091, 72.00
1395076164, 72.00
1395076237, 72.00
1395076310, 72.00
1395076383, 72.00
1395076456, 72.00
1395076529, 72.00
1395076603, 72.00
1395076676, 72.00
1395076822, 72.00
1395076895, 72.00
1395076968, 72.00
1395077041, 72.00
1395077114, 72.00
1395077187, 72.00
1395077261, 72.00
1395077334, 72.00
1395077407, 72.00
1395077480, 72.00
1395077553, 72.00
1395077626, 72.00
1395077699, 72.00
1395077772, 72.00
1395077845, 72.00
1395077918, 72.00
1395077992, 72.00
1395078065, 72.00
1395078138, 72.00
1395078211, 72.00
1395078284, 72.00
1395078357, 72.00
1395078431, 72.00
1395078504, 72.00
1395078577, 72.00
1395078650, 72.00
1395078723, 72.00
1395078869, 72.00
1395078942, 72.00
1395079015, 72.00
1395079088, 72.00
1395079161, 72.00
1395079235, 72.00
1395079308, 72.00
1395079381, 72.00
1395079454, 72.00
1395079527, 72.00
1395079601, 72.00
1395079674, 72.00
1395079747, 72.00
1395079820, 72.00
1395079893, 72.00
1395079966, 72.00
1395080039, 72.00
1395080259, 72.00
1395080332, 72.00
1395080406, 72.00
1395080479, 72.00
1395080552, 72.00
1395080625, 72.00
1395080698, 72.00
1395080771, 72.00
1395080952, 72.00
1395081025, 72.00
1395081098, 72.00
1395081171, 72.00
1395081244, 72.00
1395081317, 72.00
1395081390, 72.00
1395081463, 72.00
1395081536, 72.00
1395081609, 72.00
1395081682, 72.00
1395081755, 72.00
1395081828, 72.00
1395081902, 72.00
1395081975, 72.00
1395082048, 72.00
1395082121, 72.00
1395082195, 72.00
1395082269, 72.00
1395082342, 72.00
1395082415, 72.00
1395082488, 72.00
1395082562, 72.00
1395082635, 72.00
1395082709, 72.00
1395082782, 72.00
1395082855, 72.00
1395082928, 72.00
1395083001, 72.00
1395083074, 72.00
1395083147, 72.00
1395083220, 72.00
1395083293, 72.00
1395083367, 72.00
1395083440, 72.00
1395083513, 72.00
1395083586, 72.00
1395083659, 72.00
1395083805, 72.00
1395083878, 72.00
1395083951, 72.00
1395084024, 72.00
1395084097, 72.00
1395084170, 72.00
1395084243, 72.00
1395084316, 72.00
1395084389, 72.00
1395084462, 72.00
1395084535, 72.00
1395084609, 72.00
1395084682, 72.00
1395084755, 72.00
1395084828, 72.00
1395084901, 72.00
1395084974, 72.00
1395085047, 72.00
1395085120, 72.00
1395085193, 72.00
1395085266, 72.00
1395085339, 72.00
1395085412, 72.00
1395085485, 72.00
1395085558, 72.00
1395085631, 72.00
1395085704, 72.00
1395085777, 72.00
1395085850, 72.00
1395085923, 72.00
1395085996, 72.00
1395086069, 72.00
1395086142, 72.00
1395086215, 72.00
1395086289, 72.00
1395086362, 72.00
1395086435, 72.00
1395086508, 72.00
1395086581, 72.00
1395086654, 72.00
1395086800, 72.00
1395086873, 72.00
1395086946, 72.00
1395087030, 72.00
1395087103, 72.00
1395087176, 72.00
1395087249, 72.00
1395087322, 72.00
1395087395, 72.00
1395087468, 72.00
1395087541, 72.00
1395087614, 72.00
1395087687, 72.00
1395087760, 72.00
1395087843, 72.00
1395087917, 72.00
1395087990, 72.00
1395088064, 72.00
1395088137, 72.00
1395088210, 72.00
1395088283, 72.00
1395088357, 72.00
1395088430, 72.00
1395088504, 72.00
1395088577, 72.00
1395088650, 72.00
1395088723, 72.00
1395088796, 72.00
1395088880, 72.00
1395088954, 72.00
1395089027, 72.00
1395089100, 72.00
1395089173, 72.00
1395089247, 72.00
1395089320, 72.00
1395089393, 72.00
1395089470, 72.00
1395089543, 72.00
1395089616, 72.00
1395089700, 72.00
1395089781, 72.00
1395089854, 72.00
1395089927, 72.00
1395090000, 72.00
1395090073, 72.00
1395090147, 72.00
1395090220, 72.00
1395090294, 72.00
1395090367, 72.00
1395090440, 72.00
1395090513, 72.00
1395090587, 72.00
1395090660, 72.00
1395090733, 72.00
1395090806, 72.00
1395090880, 72.00
1395090953, 72.00
1395091026, 72.00
1395091099, 72.00
1395091173, 72.00
1395091246, 72.00
1395091319, 72.00
1395091392, 72.00
1395091465, 72.00
1395091539, 72.00
1395091612, 72.00
1395091685, 72.00
1395091758, 72.00
1395091832, 72.00
1395091905, 72.00
1395091979, 72.00
1395092052, 72.00
1395092126, 72.00
1395092199, 72.00
1395092272, 72.00
1395092345, 72.00
1395092418, 72.00
1395092492, 72.00
1395092566, 72.00
1395092639, 72.00
1395092713, 72.00
1395092860, 72.00
1395093006, 72.00
1395093080, 72.00
1395093154, 72.00
1395093301, 72.00
1395093374, 72.00
1395093447, 72.00
1395093521, 72.00
1395093595, 72.00
1395093668, 72.00
1395093741, 72.00
1395093814, 72.00
1395093888, 72.00
1395093961, 72.00
1395094035, 72.00
1395094109, 72.00
1395094183, 72.00
1395094256, 72.00
1395094330, 72.00
1395094403, 72.00
1395094476, 72.00
1395094550, 72.00
1395094623, 72.00
1395094696, 72.00
1395094769, 72.00
1395094843, 72.00
1395094916, 72.00
1395094989, 72.00
1395095063, 72.00
1395095137, 72.00
1395095210, 72.00
1395095283, 72.00
1395095356, 72.00
1395095430, 72.00
1395095504, 72.00
1395095577, 72.00
1395095650, 72.00
1395095723, 72.00
1395095797, 72.00
1395095870, 72.00
1395095943, 72.00
1395096017, 72.00
1395096090, 72.00
1395096164, 72.00
1395096237, 72.00
1395096310, 72.00
1395096383, 72.00
1395096457, 72.00
1395096531, 72.00
1395096604, 72.00
1395096678, 72.00
1395096751, 72.00
1395096825, 72.00
1395096971, 72.00
1395097045, 72.00
1395097118, 72.00
1395097191, 72.00
1395097265, 72.00
1395097339, 72.00
1395097412, 72.00
1395097487, 72.00
1395097561, 72.00
1395097634, 72.00
1395097707, 72.00
1395097780, 72.00
1395097853, 72.00
1395097926, 72.00
1395097999, 72.00
1395098072, 72.00
1395098145, 72.00
1395098218, 72.00
1395098291, 72.00
1395098364, 72.00
1395098437, 72.00
1395098510, 72.00
1395098584, 72.00
1395098657, 72.00
1395098730, 72.00
1395098803, 72.00
1395098876, 72.00
1395098949, 72.00
1395099022, 72.00
1395099095, 72.00
1395099169, 72.00
1395099242, 72.00
1395099315, 72.00
1395099388, 72.00
1395099461, 72.00
1395099535, 72.00
1395099608, 72.00
1395099681, 72.00
1395099755, 72.00
1395099828, 72.00
1395099901, 72.00
1395099974, 72.00
1395100047, 72.00
1395100120, 72.00
1395100193, 72.00
1395100267, 72.00
1395100340, 72.00
1395100413, 72.00
1395100486, 72.00
1395100560, 72.00
1395100633, 72.00
1395100706, 72.00
1395100780, 72.00
1395100854, 72.00
1395100927, 72.00
1395101147, 72.00
1395101220, 72.00
1395101294, 72.00
1395101367, 72.00
1395101440, 72.00
1395101513, 72.00
1395101586, 72.00
1395101659, 72.00
1395101733, 72.00
1395101806, 72.00
1395101879, 72.00
1395102025, 72.00
1395102098, 72.00
1395102171, 72.00
1395102244, 72.00
1395102317, 72.00
1395102390, 72.00
1395102463, 72.00
1395102536, 72.00
1395102609, 72.00
1395102682, 72.00
1395102756, 72.00
1395102829, 72.00
1395102902, 72.00
1395102975, 72.00
1395103048, 72.00
1395103121, 72.00
1395103194, 72.00
1395103267, 72.00
1395103340, 72.00
1395103413, 72.00
1395103486, 72.00
1395103559, 72.00
1395103632, 72.00
1395103706, 72.00
1395103779, 72.00
1395103852, 72.00
1395103998, 72.00
1395104071, 72.00
1395104144, 72.00
1395104217, 72.00
1395104290, 72.00
1395104363, 72.00
1395104436, 72.00
1395104509, 72.00
1395104582, 72.00
1395104655, 72.00
1395104736, 72.00
1395104809, 72.00
1395104889, 72.00
1395104962, 72.00
1395105035, 72.00
1395105108, 72.00
1395105181, 72.00
1395105254, 72.00
1395105327, 72.00
1395105400, 72.00
1395105474, 72.00
1395105547, 72.00
1395105620, 72.00
1395105693, 72.00
1395105766, 72.00
1395105839, 72.00
1395105912, 72.00
1395105985, 72.00
1395106059, 72.00
1395106132, 72.00
1395106206, 72.00
1395106279, 72.00
1395106352, 72.00
1395106425, 72.00
1395106498, 72.00
1395106571, 72.00
1395106644, 72.00
1395106717, 72.00
1395106791, 72.00
1395106937, 72.00
1395107010, 72.00
1395107083, 72.00
1395107156, 72.00
1395107229, 72.00
1395107302, 72.00
1395107376, 72.00
1395107449, 72.00
1395107523, 72.00
1395107597, 72.00
1395107671, 72.00
1395107746, 72.00
1395107821, 72.00
1395107894, 72.00
1395107967, 72.00
1395108040, 72.00
1395108113, 72.00
1395108186, 72.00
1395108260, 72.00
1395108333, 72.00
1395108407, 72.00
1395108480, 72.00
1395108553, 72.00
1395108626, 72.00
1395108699, 72.00
1395108772, 72.00
1395108845, 72.00
1395108919, 72.00
1395108997, 72.00
1395109070, 72.00
1395109143, 72.00
1395109216, 72.00
1395109290, 72.00
1395109363, 72.00
1395109437, 72.00
1395109511, 72.00
1395109585, 72.00
1395109659, 72.00
1395109732, 72.00
1395109806, 72.00
1395109879, 72.00
1395109953, 72.00
1395110026, 72.00
1395110101, 72.00
1395110174, 72.00
1395110248, 72.00
1395110322, 72.00
1395110395, 72.00
1395110468, 72.00
1395110542, 72.00
1395110615, 72.00
1395110699, 72.00
1395110783, 72.00
1395110856, 72.00
1395110930, 72.00
1395111003, 72.00
1395111076, 72.00
1395111161, 72.00
1395111234, 72.00
1395111307, 72.00
1395111380, 72.00
1395111453, 72.00
1395111527, 72.00
1395111600, 72.00
1395111675, 72.00
1395111748, 72.00
1395111821, 72.00
1395111894, 72.00
1395111967, 72.00
1395112040, 72.00
1395112114, 72.00
1395112187, 72.00
1395112260, 72.00
1395112406, 72.00
1395112479, 72.00
1395112552, 72.00
1395112625, 72.00
1395112698, 72.00
1395112771, 72.00
1395112844, 72.00
1395112918, 72.00
1395112991, 72.00
1395113064, 72.00
1395113137, 72.00
1395113210, 72.00
1395113283, 72.00
1395113356, 72.00
1395113429, 72.00
1395113502, 72.00
1395113575, 72.00
1395113648, 72.00
1395113721, 72.00
1395113795, 72.00
1395113868, 72.00
1395113941, 72.00
1395114014, 72.00
1395114087, 72.00
1395114160, 72.00
1395114233, 72.00
1395114306, 72.00
1395114379, 72.00
1395114452, 72.00
1395114525, 72.00
1395114598, 72.00
1395114671, 72.00
1395114744, 72.00
1395114818, 72.00
1395114891, 72.00
1395114964, 72.00
1395115037, 72.00
1395115110, 72.00
1395115183, 72.00
1395115256, 72.00
1395115329, 72.00
1395115475, 72.00
1395115548, 72.00
1395115621, 72.00
1395115694, 72.00
1395115767, 72.00
1395115840, 72.00
1395115913, 72.00
1395115986, 72.00
1395116059, 72.00
1395116132, 72.00
1395116205, 72.00
1395116278, 72.00
1395116351, 72.00
1395116424, 72.00
1395116498, 72.00
1395116571, 72.00
1395116644, 72.00
1395116717, 72.00
1395116790, 72.00
1395116863, 72.00
1395116936, 72.00
1395117009, 72.00
1395117082, 72.00
1395117155, 72.00
1395117228, 72.00
1395117302, 72.00
1395117375, 72.00
1395117448, 72.00
1395117521, 72.00
1395117594, 72.00
1395117667, 72.00
1395117740, 72.00
1395117813, 72.00
1395117887, 72.00
1395117960, 72.00
1395118033, 72.00
1395118106, 72.00
1395118179, 72.00
1395118252, 72.00
1395118325, 72.00
1395118398, 72.00
1395118471, 72.00
1395118544, 72.00
1395118617, 72.00
1395118690, 72.00
1395118763, 72.00
1395118837, 72.00
1395118910, 72.00
1395118983, 72.00
1395119056, 72.00
1395119129, 72.00
1395119202, 72.00
1395119276, 72.00
1395119349, 72.00
1395119422, 72.00
1395119641, 72.00
1395119714, 72.00
1395119787, 72.00
1395119860, 72.00
1395119933, 72.00
1395120007, 72.00
1395120080, 72.00
1395120153, 72.00
1395120226, 72.00
1395120299, 72.00
1395120372, 72.00
1395120518, 72.00
1395120591, 72.00
1395120665, 72.00
1395120738, 72.00
1395120811, 72.00
1395120884, 72.00
1395120957, 72.00
1395121030, 72.00
1395121103, 72.00
1395121176, 72.00
1395121249, 72.00
1395121323, 72.00
1395121396, 72.00
1395121469, 72.00
1395121542, 72.00
1395121615, 72.00
1395121688, 72.00
1395121761, 72.00
1395121835, 72.00
1395121908, 72.00
1395121981, 72.00
1395122127, 72.00
1395122201, 72.00
1395122274, 72.00
1395122347, 72.00
1395122421, 72.00
1395122494, 72.00
1395122567, 72.00
1395122640, 72.00
1395122786, 72.00
1395122859, 72.00
1395122933, 72.00
1395123006, 72.00
1395123080, 72.00
1395123153, 72.00
1395123227, 72.00
1395123300, 72.00
1395123373, 72.00
1395123446, 72.00
1395123520, 72.00
1395123594, 72.00
1395123668, 72.00
1395123741, 72.00
1395123814, 72.00
1395123887, 72.00
1395123960, 72.00
1395124034, 72.00
1395124108, 72.00
1395124181, 72.00
1395124327, 72.00
1395124400, 72.00
1395124473, 72.00
1395124547, 72.00
1395124621, 72.00
1395124694, 72.00
1395124768, 72.00
1395124842, 72.00
1395124915, 72.00
1395124989, 72.00
1395125062, 72.00
1395125135, 72.00
1395125208, 72.00
1395125281, 72.00
1395125354, 72.00
1395125428, 72.00
1395125574, 72.00
1395125647, 72.00
1395125720, 72.00
1395125793, 72.00
1395125866, 72.00
1395125939, 72.00
